1663579550742 0.5030075311660767 0
1663579550793 0.4819548726081848 0
1663579550846 0.5120300650596619 0
1663579550897 0.5924811959266663 0
1663579550946 0.6390977501869202 0
1663579551001 0.6496240496635437 0
1663579551051 0.6691729426383972 0
1663579551103 0.7172932624816895 0
1663579551162 0.7345864772796631 0
1663579551217 0.7631579041481018 0
1663579551278 0.7736842036247253 0
1663579551339 0.790977418422699 0
1663579551391 0.7939849495887756 0
1663579551442 0.800000011920929 0
1663579551492 0.8240601420402527 0
1663579551542 0.8473684191703796 0
1663579551601 0.8421052694320679 0
1663579551654 0.8684210777282715 0
1663579551704 0.8458646535873413 0
1663579551762 0.8451128005981445 0
1663579551823 0.8654135465621948 0
1663579551884 0.869924783706665 0
1663579551948 0.869924783706665 0
1663579551999 0.8556391000747681 0
1663579552049 0.8857142925262451 0
1663579552102 0.8736842274665833 0
1663579552153 0.8578947186470032 0
1663579552210 0.87443608045578 0
1663579552264 0.8548872470855713 0
1663579552318 0.8413533568382263 0
1663579552364 0.8631578683853149 0
1663579552426 0.8661653995513916 0
1663579552481 0.8586466312408447 0
1663579552538 0.8864661455154419 0
1663579552593 0.8729323148727417 0
1663579552642 0.8714285492897034 0
1663579552693 0.8684210777282715 0
1663579552746 0.8939849734306335 0
1663579552801 0.8879699110984802 0
1663579552858 0.9060150384902954 0
1663579552918 0.8969925045967102 0
1663579552986 0.9150375723838806 0
1663579553035 0.9075188040733337 0
1663579553086 0.9007518887519836 0
1663579553135 0.916541337966919 0
1663579553190 0.9015037417411804 0
1663579553242 0.9037594199180603 0
1663579553299 0.8954887390136719 0
1663579553350 0.9127819538116455 0
1663579553396 0.9097744226455688 0
1663579553447 0.9097744226455688 0
1663579553498 0.9067668914794922 0
1663579553551 0.9007518887519836 0
1663579553606 0.9112781882286072 0
1663579553655 0.9157894849777222 0
1663579553705 0.9060150384902954 0
1663579553753 0.9150375723838806 0
1663579553801 0.9150375723838806 0
1663579553849 0.9210526347160339 0
1663579553898 0.923308253288269 0
1663579553950 0.9203007221221924 0
1663579554001 0.9172932505607605 0
1663579554057 0.9187970161437988 0
1663579554113 0.9127819538116455 0
1663579554165 0.9157894849777222 0
1663579554217 0.9082706570625305 0
1663579554266 0.9127819538116455 0
1663579554313 0.9263157844543457 0
1663579554362 0.9293233156204224 0
1663579554413 0.9285714030265808 0
1663579554464 0.9300751686096191 0
1663579554515 0.923308253288269 0
1663579554563 0.9142857193946838 0
1663579554614 0.9315789341926575 0
1663579554664 0.9436089992523193 0
1663579554721 0.9436089992523193 0
1663579554779 0.9353383183479309 0
1663579554837 0.927819550037384 0
1663579554894 0.9225564002990723 0
1663579554950 0.9240601658821106 0
1663579555010 0.9375939965248108 0
1663579555127 0.9308270812034607 0
1663579555219 0.9263157844543457 0
1663579555299 0.9496240615844727 0
1663579555355 0.9293233156204224 0
1663579555406 0.9315789341926575 0
1663579555460 0.9142857193946838 0
1663579555515 0.916541337966919 0
1663579555575 0.9368420839309692 0
1663579555637 0.9345864653587341 0
1663579555703 0.9330826997756958 0
1663579555769 0.9413533806800842 0
1663579555828 0.9353383183479309 0
1663579555894 0.9315789341926575 0
1663579555961 0.9413533806800842 0
1663579556026 0.9375939965248108 0
1663579556081 0.932330846786499 0
1663579556137 0.9203007221221924 0
1663579556196 0.9263157844543457 0
1663579556267 0.9248120188713074 0
1663579556331 0.946616530418396 0
1663579556385 0.9436089992523193 0
1663579556443 0.9443609118461609 0
1663579556498 0.9526315927505493 0
1663579556545 0.9481202960014343 0
1663579556594 0.9548872113227844 0
1663579556643 0.951127827167511 0
1663579556693 0.9541353583335876 0
1663579556748 0.955639123916626 0
1663579556799 0.9458646774291992 0
1663579556858 0.9443609118461609 0
1663579556913 0.9458646774291992 0
1663579556974 0.9609022736549377 0
1663579557030 0.9503759145736694 0
1663579557083 0.946616530418396 0
1663579557140 0.9398496150970459 0
1663579557192 0.9563909769058228 0
1663579557241 0.9548872113227844 0
1663579557289 0.9518796801567078 0
1663579557347 0.9526315927505493 0
1663579557398 0.951127827167511 0
1663579557449 0.9518796801567078 0
1663579557501 0.9488722085952759 0
1663579557553 0.9571428298950195 0
1663579557610 0.9669172763824463 0
1663579557666 0.9533834457397461 0
1663579557725 0.9593985080718994 0
1663579557788 0.9593985080718994 0
1663579557844 0.9601503610610962 0
1663579557899 0.9609022736549377 0
1663579557955 0.9586465954780579 0
1663579558012 0.9669172763824463 0
1663579558063 0.9624060392379761 0
1663579558119 0.9639097452163696 0
1663579558173 0.9593985080718994 0
1663579558225 0.9646616578102112 0
1663579558285 0.9616541266441345 0
1663579558350 0.9706767201423645 0
1663579558401 0.9586465954780579 0
1663579558451 0.9571428298950195 0
1663579558505 0.9624060392379761 0
1663579558555 0.9593985080718994 0
1663579558604 0.9669172763824463 0
1663579558653 0.9639097452163696 0
1663579558702 0.9563909769058228 0
1663579558762 0.9631578922271729 0
1663579558816 0.9684210419654846 0
1663579558863 0.9691729545593262 0
1663579558914 0.9631578922271729 0
1663579558964 0.9624060392379761 0
1663579559030 0.9609022736549377 0
1663579559080 0.9624060392379761 0
1663579559130 0.9676691889762878 0
1663579559180 0.9669172763824463 0
1663579559230 0.9563909769058228 0
1663579559279 0.9578947424888611 0
1663579559341 0.9586465954780579 0
1663579559406 0.9624060392379761 0
1663579559475 0.9624060392379761 0
1663579559528 0.9518796801567078 0
1663579559576 0.9263157844543457 0
1663579559627 0.9601503610610962 0
1663579559679 0.9601503610610962 0
1663579559743 0.9503759145736694 0
1663579559802 0.9646616578102112 0
1663579559863 0.9646616578102112 0
1663579559925 0.9593985080718994 0
1663579559981 0.965413510799408 0
1663579560045 0.9646616578102112 0
1663579560108 0.969924807548523 0
1663579560158 0.965413510799408 0
1663579560208 0.9639097452163696 0
1663579560260 0.9706767201423645 0
1663579560318 0.9669172763824463 0
1663579560374 0.9684210419654846 0
1663579560430 0.965413510799408 0
1663579560485 0.9684210419654846 0
1663579560541 0.9669172763824463 0
1663579560602 0.9691729545593262 0
1663579560659 0.9684210419654846 0
1663579560715 0.9571428298950195 0
1663579560774 0.9609022736549377 0
1663579560831 0.9631578922271729 0
1663579560884 0.9624060392379761 0
1663579560937 0.9661654233932495 0
1663579560991 0.9616541266441345 0
1663579561051 0.9676691889762878 0
1663579561112 0.9639097452163696 0
1663579561171 0.9631578922271729 0
1663579561224 0.9661654233932495 0
1663579561275 0.9631578922271729 0
1663579561330 0.9684210419654846 0
1663579561380 0.965413510799408 0
1663579561436 0.9601503610610962 0
1663579561492 0.9714285731315613 0
1663579561545 0.965413510799408 0
1663579561601 0.9586465954780579 0
1663579561655 0.965413510799408 0
1663579561710 0.9669172763824463 0
1663579561775 0.9676691889762878 0
1663579561830 0.9691729545593262 0
1663579561884 0.9669172763824463 0
1663579561943 0.9676691889762878 0
1663579561999 0.965413510799408 0
1663579562055 0.9661654233932495 0
1663579562108 0.9646616578102112 0
1663579562163 0.9593985080718994 0
1663579562231 0.9676691889762878 0
1663579562287 0.9616541266441345 0
1663579562339 0.9541353583335876 0
1663579562389 0.955639123916626 0
1663579562441 0.9593985080718994 0
1663579562499 0.9601503610610962 0
1663579562554 0.9578947424888611 0
1663579562606 0.9684210419654846 0
1663579562659 0.9646616578102112 0
1663579562717 0.9721804261207581 0
1663579562771 0.9721804261207581 0
1663579562829 0.9759398698806763 0
1663579562889 0.9661654233932495 0
1663579562945 0.9691729545593262 0
1663579562999 0.9729323387145996 0
1663579563057 0.9676691889762878 0
1663579563109 0.969924807548523 0
1663579563175 0.9676691889762878 0
1663579563233 0.9729323387145996 0
1663579563286 0.9661654233932495 0
1663579563347 0.965413510799408 0
1663579563405 0.9616541266441345 0
1663579563460 0.9593985080718994 0
1663579563508 0.9593985080718994 0
1663579563556 0.9661654233932495 0
1663579563605 0.9616541266441345 0
1663579563658 0.9684210419654846 0
1663579563708 0.9706767201423645 0
1663579563757 0.965413510799408 0
1663579563807 0.9744361042976379 0
1663579563859 0.9714285731315613 0
1663579563920 0.9751879572868347 0
1663579563986 0.9729323387145996 0
1663579564041 0.9639097452163696 0
1663579564091 0.9684210419654846 0
1663579564142 0.9684210419654846 0
1663579564189 0.9714285731315613 0
1663579564236 0.9721804261207581 0
1663579564286 0.9729323387145996 0
1663579564341 0.9714285731315613 0
1663579564390 0.9721804261207581 0
1663579564447 0.9706767201423645 0
1663579564505 0.9714285731315613 0
1663579564570 0.9639097452163696 0
1663579564633 0.9661654233932495 0
1663579564690 0.9593985080718994 0
1663579564738 0.9593985080718994 0
1663579564784 0.9684210419654846 0
1663579564835 0.965413510799408 0
1663579564891 0.9646616578102112 0
1663579564954 0.9744361042976379 0
1663579565003 0.9729323387145996 0
1663579565053 0.9759398698806763 0
1663579565105 0.9593985080718994 0
1663579565173 0.965413510799408 0
1663579565244 0.9624060392379761 0
1663579565307 0.9548872113227844 0
1663579565361 0.965413510799408 0
1663579565411 0.9533834457397461 0
1663579565461 0.9578947424888611 0
1663579565520 0.9691729545593262 0
1663579565571 0.9631578922271729 0
1663579565629 0.9639097452163696 0
1663579565692 0.9639097452163696 0
1663579565753 0.9661654233932495 0
1663579565805 0.9616541266441345 0
1663579565856 0.9669172763824463 0
1663579565916 0.9646616578102112 0
1663579565974 0.9661654233932495 0
1663579566028 0.9729323387145996 0
1663579566087 0.9706767201423645 0
1663579566141 0.9751879572868347 0
1663579566193 0.9744361042976379 0
1663579566252 0.9684210419654846 0
1663579566304 0.9601503610610962 0
1663579566379 0.9631578922271729 0
1663579566457 0.965413510799408 0
1663579566511 0.9669172763824463 0
1663579566564 0.969924807548523 0
1663579566619 0.9676691889762878 0
1663579566681 0.9721804261207581 0
1663579566749 0.9714285731315613 0
1663579566803 0.9676691889762878 0
1663579566860 0.9661654233932495 0
1663579566921 0.9751879572868347 0
1663579566982 0.965413510799408 0
1663579567038 0.9729323387145996 0
1663579567095 0.9781954884529114 0
1663579567153 0.9736841917037964 0
1663579567207 0.976691722869873 0
1663579567259 0.9789473414421082 0
1663579567312 0.9751879572868347 0
1663579567374 0.9781954884529114 0
1663579567426 0.9721804261207581 0
1663579567480 0.976691722869873 0
1663579567535 0.981203019618988 0
1663579567588 0.9827067852020264 0
1663579567641 0.9789473414421082 0
1663579567700 0.9781954884529114 0
1663579567751 0.9751879572868347 0
1663579567799 0.981203019618988 0
1663579567860 0.9834586381912231 0
1663579567912 0.9819548726081848 0
1663579567967 0.9796992540359497 0
1663579568025 0.9804511070251465 0
1663579568077 0.9804511070251465 0
1663579568128 0.9804511070251465 0
1663579568179 0.9804511070251465 0
1663579568236 0.9827067852020264 0
1663579568288 0.9804511070251465 0
1663579568342 0.9804511070251465 0
1663579568392 0.9819548726081848 0
1663579568443 0.9842105507850647 0
1663579568501 0.9857142567634583 0
1663579568553 0.9819548726081848 0
1663579568606 0.9834586381912231 0
1663579568665 0.9842105507850647 0
1663579568730 0.9804511070251465 0
1663579568796 0.9819548726081848 0
1663579568861 0.9789473414421082 0
1663579568915 0.9804511070251465 0
1663579568967 0.9849624037742615 0
1663579569022 0.9857142567634583 0
1663579569073 0.9849624037742615 0
1663579569123 0.9842105507850647 0
1663579569182 0.981203019618988 0
1663579569241 0.9902255535125732 0
1663579569307 0.9819548726081848 0
1663579569367 0.981203019618988 0
1663579569431 0.9819548726081848 0
1663579569502 0.9842105507850647 0
1663579569564 0.9849624037742615 0
1663579569622 0.9834586381912231 0
1663579569676 0.9834586381912231 0
1663579569731 0.9804511070251465 0
1663579569786 0.981203019618988 0
1663579569841 0.9781954884529114 0
1663579569900 0.9827067852020264 0
1663579569959 0.9819548726081848 0
1663579570011 0.9872180223464966 0
1663579570067 0.9857142567634583 0
1663579570121 0.9796992540359497 0
1663579570185 0.9804511070251465 0
1663579570245 0.9789473414421082 0
1663579570298 0.976691722869873 0
1663579570360 0.9804511070251465 0
1663579570417 0.9759398698806763 0
1663579570477 0.9759398698806763 0
1663579570527 0.9834586381912231 0
1663579570578 0.9781954884529114 0
1663579570632 0.9796992540359497 0
1663579570689 0.981203019618988 0
1663579570745 0.9774436354637146 0
1663579570802 0.9789473414421082 0
1663579570857 0.9849624037742615 0
1663579570912 0.9842105507850647 0
1663579570978 0.9834586381912231 0
1663579571050 0.9834586381912231 0
1663579571108 0.9804511070251465 0
1663579571161 0.9834586381912231 0
1663579571207 0.9872180223464966 0
1663579571263 0.9834586381912231 0
1663579571321 0.9849624037742615 0
1663579571376 0.9879699349403381 0
1663579571439 0.9857142567634583 0
1663579571514 0.9842105507850647 0
1663579571581 0.9827067852020264 0
1663579571637 0.9864661693572998 0
1663579571691 0.9849624037742615 0
1663579571747 0.9819548726081848 0
1663579571803 0.9864661693572998 0
1663579571863 0.9864661693572998 0
1663579571916 0.9842105507850647 0
1663579571970 0.9827067852020264 0
1663579572028 0.9804511070251465 0
1663579572095 0.9744361042976379 0
1663579572157 0.9759398698806763 0
1663579572219 0.976691722869873 0
1663579572281 0.9819548726081848 0
1663579572345 0.981203019618988 0
1663579572393 0.9796992540359497 0
1663579572442 0.9902255535125732 0
1663579572500 0.9804511070251465 0
1663579572563 0.9827067852020264 0
1663579572619 0.9827067852020264 0
1663579572675 0.9827067852020264 0
1663579572742 0.981203019618988 0
1663579572798 0.9864661693572998 0
1663579572856 0.9857142567634583 0
1663579572907 0.9827067852020264 0
1663579572960 0.9849624037742615 0
1663579573010 0.981203019618988 0
1663579573062 0.9842105507850647 0
1663579573114 0.9849624037742615 0
1663579573163 0.9864661693572998 0
1663579573221 0.9827067852020264 0
1663579573277 0.9879699349403381 0
1663579573331 0.9796992540359497 0
1663579573390 0.9751879572868347 0
1663579573443 0.9789473414421082 0
1663579573501 0.9804511070251465 0
1663579573553 0.9819548726081848 0
1663579573605 0.9894737005233765 0
1663579573658 0.9879699349403381 0
1663579573711 0.9857142567634583 0
1663579573766 0.9887217879295349 0
1663579573817 0.9879699349403381 0
1663579573873 0.9894737005233765 0
1663579573924 0.9887217879295349 0
1663579573975 0.9932330846786499 0
1663579574024 0.9879699349403381 0
1663579574077 0.9872180223464966 0
1663579574127 0.9894737005233765 0
1663579574174 0.9917293190956116 0
1663579574222 0.9909774661064148 0
1663579574273 0.981203019618988 0
1663579574326 0.9751879572868347 0
1663579574381 0.9796992540359497 0
1663579574430 0.9864661693572998 0
1663579574493 0.9917293190956116 0
1663579574558 0.9894737005233765 0
1663579574614 0.9879699349403381 0
1663579574662 0.9924812316894531 0
1663579574708 0.9872180223464966 0
1663579574757 0.9887217879295349 0
1663579574805 0.9902255535125732 0
1663579574854 0.9864661693572998 0
1663579574901 0.9917293190956116 0
1663579574955 0.9917293190956116 0
1663579575019 0.9917293190956116 0
1663579575079 0.9849624037742615 0
1663579575133 0.9872180223464966 0
1663579575181 0.9924812316894531 0
1663579575230 0.9902255535125732 0
1663579575281 0.9917293190956116 0
1663579575331 0.9864661693572998 0
1663579575384 0.9887217879295349 0
1663579575432 0.9894737005233765 0
1663579575481 0.9887217879295349 0
1663579575533 0.9962406158447266 0
1663579575584 0.9909774661064148 0
1663579575634 0.9879699349403381 0
1663579575688 0.9827067852020264 0
1663579575745 0.9857142567634583 0
1663579575803 0.9872180223464966 0
1663579575850 0.9864661693572998 0
1663579575898 0.9879699349403381 0
1663579575948 0.9894737005233765 0
1663579575996 0.9887217879295349 0
1663579576046 0.9887217879295349 0
1663579576101 0.9887217879295349 0
1663579576159 0.9872180223464966 0
1663579576222 0.9849624037742615 0
1663579576275 0.9879699349403381 0
1663579576335 0.9902255535125732 0
1663579576393 0.9864661693572998 0
1663579576450 0.9849624037742615 0
1663579576498 0.9894737005233765 0
1663579576542 0.9842105507850647 0
1663579576593 0.9864661693572998 0
1663579576645 0.9827067852020264 0
1663579576702 0.981203019618988 0
1663579576750 0.9834586381912231 0
1663579576803 0.9864661693572998 0
1663579576862 0.9849624037742615 0
1663579576917 0.9902255535125732 0
1663579576966 0.9887217879295349 0
1663579577020 0.9819548726081848 0
1663579577076 0.9857142567634583 0
1663579577131 0.9902255535125732 0
1663579577187 0.9864661693572998 0
1663579577237 0.9774436354637146 0
1663579577299 0.9796992540359497 0
1663579577353 0.9864661693572998 0
1663579577410 0.9804511070251465 0
1663579577460 0.9849624037742615 0
1663579577508 0.9804511070251465 0
1663579577554 0.9849624037742615 0
1663579577605 0.9842105507850647 0
1663579577671 0.9819548726081848 0
1663579577738 0.9857142567634583 0
1663579577798 0.9872180223464966 0
1663579577847 0.9902255535125732 0
1663579577898 0.9872180223464966 0
1663579577946 0.9887217879295349 0
1663579577998 0.9879699349403381 0
1663579578051 0.9834586381912231 0
1663579578106 0.9842105507850647 0
1663579578162 0.9842105507850647 0
1663579578221 0.9842105507850647 0
1663579578274 0.9804511070251465 0
1663579578327 0.9887217879295349 0
1663579578381 0.9834586381912231 0
1663579578442 0.9804511070251465 0
1663579578508 0.9789473414421082 0
1663579578568 0.9879699349403381 0
1663579578630 0.9879699349403381 0
1663579578688 0.9894737005233765 0
1663579578738 0.9804511070251465 0
1663579578795 0.9887217879295349 0
1663579578850 0.9894737005233765 0
1663579578905 0.9879699349403381 0
1663579578960 0.981203019618988 0
1663579579016 0.9842105507850647 0
1663579579074 0.9894737005233765 0
1663579579134 0.9887217879295349 0
1663579579198 0.9887217879295349 0
1663579579256 0.9902255535125732 0
1663579579306 0.9879699349403381 0
1663579579358 0.9857142567634583 0
1663579579407 0.9887217879295349 0
1663579579457 0.9894737005233765 0
1663579579506 0.9879699349403381 0
1663579579553 0.9887217879295349 0
1663579579603 0.9879699349403381 0
1663579579659 0.9864661693572998 0
1663579579712 0.9872180223464966 0
1663579579763 0.981203019618988 0
1663579579815 0.9894737005233765 0
1663579579860 0.9894737005233765 0
1663579579907 0.9924812316894531 0
1663579579955 0.9924812316894531 0
1663579580004 0.9894737005233765 0
1663579580053 0.9924812316894531 0
1663579580103 0.9864661693572998 0
1663579580149 0.9879699349403381 0
1663579580198 0.9879699349403381 0
1663579580245 0.9924812316894531 0
1663579580305 0.9902255535125732 0
1663579580356 0.9872180223464966 0
1663579580409 0.9879699349403381 0
1663579580458 0.9864661693572998 0
1663579580511 0.9879699349403381 0
1663579580561 0.9872180223464966 0
1663579580612 0.9887217879295349 0
1663579580661 0.9879699349403381 0
1663579580713 0.9894737005233765 0
1663579580771 0.9887217879295349 0
1663579580829 0.9917293190956116 0
1663579580909 0.9917293190956116 0
1663579580982 0.9872180223464966 0
1663579581041 0.9879699349403381 0
1663579581100 0.9909774661064148 0
1663579581149 0.9902255535125732 0
1663579581202 0.9939849376678467 0
1663579581254 0.9887217879295349 0
1663579581308 0.9902255535125732 0
1663579581367 0.9894737005233765 0
1663579581436 0.9917293190956116 0
1663579581503 0.9909774661064148 0
1663579581569 0.9924812316894531 0
1663579581629 0.9864661693572998 0
1663579581683 0.9879699349403381 0
1663579581737 0.9902255535125732 0
1663579581791 0.9887217879295349 0
1663579581848 0.9804511070251465 0
1663579581904 0.9827067852020264 0
1663579581971 0.9872180223464966 0
1663579582032 0.9894737005233765 0
1663579582087 0.9857142567634583 0
1663579582136 0.9879699349403381 0
1663579582189 0.9857142567634583 0
1663579582241 0.9879699349403381 0
1663579582293 0.9879699349403381 0
1663579582348 0.9872180223464966 0
1663579582398 0.9857142567634583 0
1663579582444 0.9879699349403381 0
1663579582496 0.9827067852020264 0
1663579582544 0.9849624037742615 0
1663579582593 0.9834586381912231 0
1663579582646 0.9872180223464966 0
1663579582711 0.9872180223464966 0
1663579582764 0.9857142567634583 0
1663579582817 0.9804511070251465 0
1663579582867 0.9879699349403381 0
1663579582920 0.9781954884529114 0
1663579582972 0.9819548726081848 0
1663579583025 0.9842105507850647 0
1663579583073 0.9932330846786499 0
1663579583125 0.9887217879295349 0
1663579583177 0.9894737005233765 0
1663579583234 0.9947368502616882 0
1663579583283 0.9864661693572998 0
1663579583331 0.9894737005233765 0
1663579583382 0.9894737005233765 0
1663579583432 0.9849624037742615 0
1663579583494 0.9842105507850647 0
1663579583544 0.9849624037742615 0
1663579583606 0.9872180223464966 0
1663579583656 0.9879699349403381 0
1663579583703 0.9887217879295349 0
1663579583752 0.9879699349403381 0
1663579583813 0.9842105507850647 0
1663579583869 0.9819548726081848 0
1663579583919 0.9819548726081848 0
1663579583965 0.9879699349403381 0
1663579584015 0.9887217879295349 0
1663579584064 0.9894737005233765 0
1663579584112 0.9909774661064148 0
1663579584162 0.9857142567634583 0
1663579584220 0.9857142567634583 0
1663579584286 0.9857142567634583 0
1663579584346 0.9857142567634583 0
1663579584398 0.9887217879295349 0
1663579584444 0.9879699349403381 0
1663579584498 0.9864661693572998 0
1663579584548 0.9827067852020264 0
1663579584596 0.9887217879295349 0
1663579584645 0.9894737005233765 0
1663579584696 0.9924812316894531 0
1663579584745 0.9894737005233765 0
1663579584797 0.9909774661064148 0
1663579584850 0.9864661693572998 0
1663579584904 0.9932330846786499 0
1663579584958 0.9894737005233765 0
1663579585015 0.9887217879295349 0
1663579585068 0.9879699349403381 0
1663579585119 0.9879699349403381 0
1663579585166 0.9909774661064148 0
1663579585215 0.9917293190956116 0
1663579585262 0.9902255535125732 0
1663579585312 0.9909774661064148 0
1663579585362 0.9902255535125732 0
1663579585418 0.9902255535125732 0
1663579585478 0.9879699349403381 0
1663579585538 0.9872180223464966 0
1663579585589 0.9872180223464966 0
1663579585644 0.9872180223464966 0
1663579585692 0.9894737005233765 0
1663579585741 0.9902255535125732 0
1663579585788 0.9842105507850647 0
1663579585839 0.9857142567634583 0
1663579585885 0.9706767201423645 0
1663579585939 0.9676691889762878 0
1663579585985 0.9691729545593262 0
1663579586044 0.9827067852020264 0
1663579586104 0.9879699349403381 0
1663579586164 0.9909774661064148 0
1663579586220 0.9872180223464966 0
1663579586273 0.9887217879295349 0
1663579586326 0.9894737005233765 0
1663579586375 0.9902255535125732 0
1663579586428 0.9917293190956116 0
1663579586477 0.9924812316894531 0
1663579586526 0.9894737005233765 0
1663579586594 0.9887217879295349 0
1663579586659 0.9932330846786499 0
1663579586710 0.9917293190956116 0
1663579586761 0.9909774661064148 0
1663579586811 0.9939849376678467 0
1663579586865 0.9932330846786499 0
1663579586925 0.9917293190956116 0
1663579586976 0.9894737005233765 0
1663579587028 0.9902255535125732 0
1663579587077 0.9947368502616882 0
1663579587129 0.9932330846786499 0
1663579587176 0.9932330846786499 0
1663579587226 0.9887217879295349 0
1663579587281 0.9872180223464966 0
1663579587336 0.9902255535125732 0
1663579587387 0.9924812316894531 0
1663579587438 0.9917293190956116 0
1663579587487 0.9909774661064148 0
1663579587541 0.9924812316894531 0
1663579587596 0.9902255535125732 0
1663579587644 0.9864661693572998 0
1663579587693 0.9849624037742615 0
1663579587745 0.9819548726081848 0
1663579587798 0.9729323387145996 0
1663579587852 0.9894737005233765 0
1663579587897 0.9902255535125732 0
1663579587949 0.9924812316894531 0
1663579587996 0.9872180223464966 0
1663579588044 0.9917293190956116 0
1663579588093 0.9879699349403381 0
1663579588145 0.9887217879295349 0
1663579588196 0.9842105507850647 0
1663579588251 0.9894737005233765 0
1663579588302 0.9894737005233765 0
1663579588356 0.9902255535125732 0
1663579588410 0.9879699349403381 0
1663579588473 0.9932330846786499 0
1663579588524 0.9864661693572998 0
1663579588572 0.9894737005233765 0
1663579588623 0.9902255535125732 0
1663579588672 0.9924812316894531 0
1663579588722 0.9902255535125732 0
1663579588771 0.9924812316894531 0
1663579588821 0.9894737005233765 0
1663579588876 0.9827067852020264 0
1663579588938 0.9849624037742615 0
1663579588993 0.9887217879295349 0
1663579589048 0.9864661693572998 0
