1663579550739 0.5444995760917664 0
1663579550791 0.44105514883995056 0
1663579550844 0.3382687568664551 0
1663579550894 0.28555768728256226 0
1663579550944 0.25701144337654114 0
1663579550999 0.22885556519031525 0
1663579551048 0.20173442363739014 0
1663579551100 0.17641566693782806 0
1663579551159 0.1547102928161621 0
1663579551214 0.13274990022182465 0
1663579551276 0.12452530115842819 0
1663579551337 0.11165178567171097 0
1663579551389 0.1103835478425026 0
1663579551439 0.09869655221700668 0
1663579551490 0.0918523371219635 0
1663579551540 0.08584137260913849 0
1663579551590 0.08040764927864075 0
1663579551651 0.07291560620069504 0
1663579551701 0.07762303203344345 0
1663579551758 0.07520567625761032 0
1663579551820 0.07312038540840149 0
1663579551882 0.06586073338985443 0
1663579551945 0.05804106593132019 0
1663579551996 0.05987941101193428 0
1663579552047 0.05934761464595795 0
1663579552099 0.065705306828022 0
1663579552151 0.06387439370155334 0
1663579552207 0.06046118959784508 0
1663579552261 0.06300314515829086 0
1663579552316 0.07008448988199234 0
1663579552362 0.053345903754234314 0
1663579552422 0.054768744856119156 0
1663579552479 0.05612989887595177 0
1663579552536 0.05177933722734451 0
1663579552590 0.056121621280908585 0
1663579552639 0.05521426722407341 0
1663579552691 0.04990801215171814 0
1663579552743 0.043568506836891174 0
1663579552799 0.04224715381860733 0
1663579552855 0.03835207596421242 0
1663579552916 0.044108156114816666 0
1663579552982 0.04106579348444939 0
1663579553033 0.044812675565481186 0
1663579553083 0.04468071833252907 0
1663579553133 0.03847608342766762 0
1663579553187 0.03648713603615761 0
1663579553239 0.03672080487012863 0
1663579553296 0.03612465038895607 0
1663579553348 0.033286549150943756 0
1663579553394 0.038437727838754654 0
1663579553444 0.0329001322388649 0
1663579553495 0.03542298823595047 0
1663579553548 0.036584626883268356 0
1663579553603 0.03185715898871422 0
1663579553652 0.03390849381685257 0
1663579553703 0.038423869758844376 0
1663579553751 0.027372008189558983 0
1663579553798 0.035364311188459396 0
1663579553847 0.030069546774029732 0
1663579553895 0.030995408073067665 0
1663579553948 0.030714252963662148 0
1663579553998 0.03180592879652977 0
1663579554054 0.03259273245930672 0
1663579554110 0.0296538844704628 0
1663579554163 0.031095625832676888 0
1663579554214 0.036029208451509476 0
1663579554264 0.03349151462316513 0
1663579554311 0.027455508708953857 0
1663579554360 0.02926298975944519 0
1663579554411 0.026526810601353645 0
1663579554462 0.024625379592180252 0
1663579554513 0.02431172877550125 0
1663579554561 0.028657302260398865 0
1663579554612 0.025372426956892014 0
1663579554661 0.02344517782330513 0
1663579554719 0.02104228548705578 0
1663579554777 0.022386999800801277 0
1663579554834 0.023898864164948463 0
1663579554891 0.026157431304454803 0
1663579554947 0.023565463721752167 0
1663579555007 0.02231123484671116 0
1663579555122 0.028799397870898247 0
1663579555212 0.02383601665496826 0
1663579555295 0.02014211006462574 0
1663579555353 0.024261770769953728 0
1663579555403 0.02450329251587391 0
1663579555458 0.02811961993575096 0
1663579555512 0.030690619722008705 0
1663579555572 0.027152419090270996 0
1663579555633 0.025007568299770355 0
1663579555701 0.022982319816946983 0
1663579555766 0.02115856297314167 0
1663579555825 0.022146157920360565 0
1663579555891 0.023405706509947777 0
1663579555958 0.02012532204389572 0
1663579556023 0.02319975197315216 0
1663579556077 0.02231014147400856 0
1663579556135 0.024526122957468033 0
1663579556192 0.02011365443468094 0
1663579556265 0.01961173117160797 0
1663579556328 0.019325241446495056 0
1663579556381 0.020139940083026886 0
1663579556440 0.01898016594350338 0
1663579556496 0.01927364617586136 0
1663579556543 0.018871191889047623 0
1663579556591 0.018243033438920975 0
1663579556640 0.021758396178483963 0
1663579556692 0.019115343689918518 0
1663579556745 0.016530029475688934 0
1663579556796 0.0191546231508255 0
1663579556856 0.017951061949133873 0
1663579556911 0.019324179738759995 0
1663579556971 0.014533836394548416 0
1663579557028 0.01593245379626751 0
1663579557080 0.017742810770869255 0
1663579557137 0.020497294142842293 0
1663579557189 0.017021574079990387 0
1663579557239 0.017073677852749825 0
1663579557286 0.01836383156478405 0
1663579557344 0.013754675164818764 0
1663579557396 0.014491904526948929 0
1663579557447 0.016593992710113525 0
1663579557499 0.016876647248864174 0
1663579557551 0.015343883074820042 0
1663579557607 0.014491160400211811 0
1663579557664 0.015091292560100555 0
1663579557722 0.016006292775273323 0
1663579557785 0.013826696202158928 0
1663579557842 0.017686741426587105 0
1663579557896 0.01714060828089714 0
1663579557952 0.01732524298131466 0
1663579558010 0.014687331393361092 0
1663579558061 0.013590361922979355 0
1663579558116 0.011913820169866085 0
1663579558170 0.01630932278931141 0
1663579558223 0.014039414003491402 0
1663579558282 0.013786369003355503 0
1663579558348 0.011344821192324162 0
1663579558399 0.014787137508392334 0
1663579558448 0.01462788786739111 0
1663579558502 0.013225236907601357 0
1663579558552 0.01808902807533741 0
1663579558602 0.013200853019952774 0
1663579558650 0.01634724996984005 0
1663579558698 0.017848072573542595 0
1663579558760 0.020808974280953407 0
1663579558813 0.01701473817229271 0
1663579558861 0.020972471684217453 0
1663579558911 0.015026169829070568 0
1663579558962 0.014734002761542797 0
1663579559027 0.010870436206459999 0
1663579559078 0.014296398498117924 0
1663579559127 0.009577080607414246 0
1663579559178 0.013468330726027489 0
1663579559228 0.013699092902243137 0
1663579559277 0.011739777401089668 0
1663579559338 0.013937072828412056 0
1663579559403 0.01352323405444622 0
1663579559472 0.013991801999509335 0
1663579559526 0.01613631658256054 0
1663579559574 0.02520325779914856 0
1663579559625 0.011409672908484936 0
1663579559677 0.014654194004833698 0
1663579559739 0.016608182340860367 0
1663579559800 0.014526141807436943 0
1663579559860 0.014564362354576588 0
1663579559923 0.01605105958878994 0
1663579559979 0.013108126819133759 0
1663579560043 0.015576165169477463 0
1663579560105 0.010710322298109531 0
1663579560154 0.012901061214506626 0
1663579560205 0.012926531955599785 0
1663579560256 0.012012613005936146 0
1663579560316 0.013265477493405342 0
1663579560371 0.010351770557463169 0
1663579560426 0.011828706599771976 0
1663579560482 0.012404619716107845 0
1663579560538 0.01147755328565836 0
1663579560599 0.012231515720486641 0
1663579560656 0.01193621288985014 0
1663579560713 0.01593971811234951 0
1663579560770 0.014086877927184105 0
1663579560829 0.01491674967110157 0
1663579560882 0.01595134660601616 0
1663579560934 0.014607171528041363 0
1663579560987 0.017230534926056862 0
1663579561049 0.01467517763376236 0
1663579561109 0.013533738441765308 0
1663579561169 0.01417460199445486 0
1663579561222 0.011949677020311356 0
1663579561272 0.014332282356917858 0
1663579561328 0.01065980363637209 0
1663579561378 0.010263253934681416 0
1663579561433 0.014279821887612343 0
1663579561490 0.01286413986235857 0
1663579561543 0.010731897316873074 0
1663579561598 0.012087412178516388 0
1663579561652 0.01127021387219429 0
1663579561707 0.009471801109611988 0
1663579561772 0.01093598548322916 0
1663579561828 0.010282725095748901 0
1663579561882 0.011090096086263657 0
1663579561941 0.01197237242013216 0
1663579561996 0.01175844855606556 0
1663579562053 0.01421660091727972 0
1663579562105 0.010677604004740715 0
1663579562161 0.01179175078868866 0
1663579562227 0.009441252797842026 0
1663579562284 0.013760941103100777 0
1663579562336 0.011459304951131344 0
1663579562386 0.013772428035736084 0
1663579562438 0.008893001824617386 0
1663579562496 0.011036986485123634 0
1663579562551 0.011271260678768158 0
1663579562604 0.00879698060452938 0
1663579562656 0.012694231234490871 0
1663579562714 0.00961508322507143 0
1663579562768 0.012129765003919601 0
1663579562826 0.008738918229937553 0
1663579562886 0.013138039968907833 0
1663579562943 0.008315714076161385 0
1663579562997 0.009484946727752686 0
1663579563054 0.010405109263956547 0
1663579563106 0.011564106680452824 0
1663579563173 0.011005229316651821 0
1663579563230 0.01192417461425066 0
1663579563284 0.011166846379637718 0
1663579563345 0.013516388833522797 0
1663579563402 0.012093584053218365 0
1663579563457 0.011849180795252323 0
1663579563506 0.012319269590079784 0
1663579563554 0.010141870006918907 0
1663579563602 0.010968901216983795 0
1663579563656 0.011314011178910732 0
1663579563706 0.00911759864538908 0
1663579563755 0.012294115498661995 0
1663579563804 0.009239928796887398 0
1663579563857 0.01026682835072279 0
1663579563917 0.008833609521389008 0
1663579563984 0.010458196513354778 0
1663579564038 0.01225841511040926 0
1663579564089 0.009809639304876328 0
1663579564139 0.010283303447067738 0
1663579564187 0.010282783769071102 0
1663579564234 0.008897551335394382 0
1663579564283 0.009571834467351437 0
1663579564338 0.0074055311270058155 0
1663579564387 0.009055497124791145 0
1663579564445 0.008895129896700382 0
1663579564502 0.007172653451561928 0
1663579564567 0.011353245005011559 0
1663579564631 0.009272617287933826 0
1663579564687 0.01128260139375925 0
1663579564735 0.01110247801989317 0
1663579564782 0.009587252512574196 0
1663579564833 0.011555246077477932 0
1663579564888 0.011299758218228817 0
1663579564951 0.0085210632532835 0
1663579565000 0.009959391318261623 0
1663579565050 0.008925039321184158 0
1663579565102 0.011473610065877438 0
1663579565168 0.011661019176244736 0
1663579565239 0.010685867629945278 0
1663579565305 0.01165747456252575 0
1663579565359 0.012511614710092545 0
1663579565408 0.011627492494881153 0
1663579565459 0.012170113623142242 0
1663579565518 0.010482434183359146 0
1663579565568 0.009549708105623722 0
1663579565624 0.009646585211157799 0
1663579565689 0.0075294808484613895 0
1663579565751 0.011761174537241459 0
1663579565803 0.009868070483207703 0
1663579565852 0.00843768659979105 0
1663579565914 0.009359456598758698 0
1663579565971 0.008346963673830032 0
1663579566025 0.009000414982438087 0
1663579566085 0.006953787058591843 0
1663579566139 0.005966420751065016 0
1663579566190 0.007264630403369665 0
1663579566249 0.008541473187506199 0
1663579566301 0.010369203053414822 0
1663579566375 0.009103044867515564 0
1663579566453 0.006703264079988003 0
1663579566509 0.007757917512208223 0
1663579566561 0.009649679996073246 0
1663579566618 0.009227207861840725 0
1663579566678 0.007966744713485241 0
1663579566746 0.009624918922781944 0
1663579566800 0.010440140031278133 0
1663579566858 0.009071053005754948 0
1663579566917 0.007904063910245895 0
1663579566980 0.008287475444376469 0
1663579567036 0.007757516577839851 0
1663579567093 0.009783622808754444 0
1663579567150 0.009694354608654976 0
1663579567205 0.007647897116839886 0
1663579567257 0.005535579752177 0
1663579567309 0.008897291496396065 0
1663579567371 0.0077817379496991634 0
1663579567424 0.008366292342543602 0
1663579567478 0.008993527851998806 0
1663579567532 0.008473308756947517 0
1663579567586 0.0062212636694312096 0
1663579567638 0.009455583989620209 0
1663579567697 0.009969158098101616 0
1663579567748 0.006939902435988188 0
1663579567798 0.006351782009005547 0
1663579567858 0.005489081144332886 0
1663579567909 0.004958369769155979 0
1663579567964 0.007239194121211767 0
1663579568023 0.007670771796256304 0
1663579568075 0.007261978462338448 0
1663579568125 0.007524500600993633 0
1663579568177 0.006802476942539215 0
1663579568233 0.005475365091115236 0
1663579568285 0.007209830917418003 0
1663579568340 0.006603166926652193 0
1663579568389 0.007999549619853497 0
1663579568440 0.007247562520205975 0
1663579568499 0.005631076171994209 0
1663579568551 0.005007636733353138 0
1663579568603 0.004238451831042767 0
1663579568663 0.004999838769435883 0
1663579568727 0.006975406315177679 0
1663579568794 0.007217411417514086 0
1663579568859 0.007626700680702925 0
1663579568913 0.007224443834275007 0
1663579568965 0.009009439498186111 0
1663579569018 0.004389987792819738 0
1663579569071 0.004856565035879612 0
1663579569120 0.006029615178704262 0
1663579569180 0.005759300664067268 0
1663579569238 0.00369484955444932 0
1663579569305 0.004745411686599255 0
1663579569364 0.006339356303215027 0
1663579569429 0.005769361276179552 0
1663579569500 0.005165700800716877 0
1663579569562 0.005512802395969629 0
1663579569619 0.007243804633617401 0
1663579569674 0.005729925353080034 0
1663579569729 0.006194664165377617 0
1663579569783 0.006256135646253824 0
1663579569837 0.007522779982537031 0
1663579569898 0.006154724396765232 0
1663579569957 0.005220270249992609 0
1663579570009 0.005022421944886446 0
1663579570064 0.005035134963691235 0
1663579570118 0.006265489850193262 0
1663579570183 0.006955611519515514 0
1663579570243 0.008609221316874027 0
1663579570295 0.009486658498644829 0
1663579570356 0.0064880093559622765 0
1663579570414 0.007126300595700741 0
1663579570475 0.007550870068371296 0
1663579570524 0.005013211164623499 0
1663579570576 0.009192980825901031 0
1663579570630 0.006986455991864204 0
1663579570686 0.005999948363751173 0
1663579570742 0.006512697320431471 0
1663579570799 0.00830855593085289 0
1663579570854 0.005476539488881826 0
1663579570910 0.007020274177193642 0
1663579570972 0.00551342498511076 0
1663579571046 0.005480343941599131 0
1663579571105 0.005933862645179033 0
1663579571159 0.007082957774400711 0
1663579571204 0.0053984783589839935 0
1663579571261 0.006230429746210575 0
1663579571318 0.006608463358134031 0
1663579571374 0.005236124619841576 0
1663579571435 0.005509836599230766 0
1663579571511 0.006248499266803265 0
1663579571576 0.006061173975467682 0
1663579571635 0.0038972871843725443 0
1663579571688 0.004832143895328045 0
1663579571745 0.007314313668757677 0
1663579571800 0.005869297310709953 0
1663579571860 0.006391847971826792 0
1663579571914 0.005713304039090872 0
1663579571967 0.006978705525398254 0
1663579572025 0.004907760303467512 0
1663579572092 0.007866950705647469 0
1663579572153 0.007588289678096771 0
1663579572217 0.007565575651824474 0
1663579572279 0.008754659444093704 0
1663579572343 0.0072619919665157795 0
1663579572390 0.007500788196921349 0
1663579572439 0.004162776283919811 0
1663579572497 0.008441395126283169 0
1663579572561 0.006017107516527176 0
1663579572616 0.009436187334358692 0
1663579572671 0.0057884505949914455 0
1663579572738 0.005829478148370981 0
1663579572795 0.003722206922248006 0
1663579572852 0.0037077588494867086 0
1663579572904 0.005771349649876356 0
1663579572957 0.005861151497811079 0
1663579573008 0.006975981406867504 0
1663579573060 0.005377152934670448 0
1663579573112 0.007462141569703817 0
1663579573161 0.006583259906619787 0
1663579573218 0.007518462836742401 0
1663579573274 0.0051754191517829895 0
1663579573328 0.007281286176294088 0
1663579573387 0.0075332485139369965 0
1663579573441 0.008271895349025726 0
1663579573499 0.007566625718027353 0
1663579573549 0.007675305008888245 0
1663579573602 0.005764802917838097 0
1663579573656 0.005735192447900772 0
1663579573709 0.007900922559201717 0
1663579573764 0.005307329352945089 0
1663579573815 0.0051819318905472755 0
1663579573871 0.005541329737752676 0
1663579573922 0.005504653323441744 0
1663579573973 0.0062313680537045 0
1663579574022 0.005156658589839935 0
1663579574074 0.006514448672533035 0
1663579574125 0.00825649593025446 0
1663579574172 0.005797719582915306 0
1663579574219 0.00393751822412014 0
1663579574271 0.006126373540610075 0
1663579574324 0.007834703661501408 0
1663579574378 0.006424918305128813 0
1663579574428 0.004501715302467346 0
1663579574492 0.0027572945691645145 0
1663579574555 0.0038262547459453344 0
1663579574611 0.005069504026323557 0
1663579574660 0.004045993555337191 0
1663579574706 0.005755203776061535 0
1663579574754 0.005752142518758774 0
1663579574802 0.0027728532440960407 0
1663579574851 0.004786462988704443 0
1663579574899 0.004439408890902996 0
1663579574952 0.0030075209215283394 0
1663579575016 0.005751396995037794 0
1663579575076 0.006152042653411627 0
1663579575130 0.0063011012971401215 0
1663579575178 0.003983362577855587 0
1663579575228 0.004258602391928434 0
1663579575279 0.003177437698468566 0
1663579575328 0.006011284422129393 0
1663579575382 0.004237838089466095 0
1663579575430 0.004259959794580936 0
1663579575479 0.005261867307126522 0
1663579575531 0.00225523067638278 0
1663579575581 0.0037027851212769747 0
1663579575632 0.004859840031713247 0
1663579575686 0.006279397755861282 0
1663579575743 0.0040525528602302074 0
1663579575800 0.004260651767253876 0
1663579575847 0.004305584356188774 0
1663579575896 0.004445511382073164 0
1663579575946 0.005083782598376274 0
1663579575994 0.004947487264871597 0
1663579576044 0.004258790984749794 0
1663579576099 0.002986378502100706 0
1663579576156 0.0025931678246706724 0
1663579576219 0.004556305706501007 0
1663579576271 0.00346405990421772 0
1663579576333 0.004134432878345251 0
1663579576390 0.008511723950505257 0
1663579576447 0.004080156795680523 0
1663579576496 0.004260653629899025 0
1663579576540 0.006807746831327677 0
1663579576591 0.005064947996288538 0
1663579576644 0.005433320067822933 0
1663579576699 0.0056810323148965836 0
1663579576747 0.005928478203713894 0
1663579576801 0.005977376829832792 0
1663579576860 0.006181085016578436 0
1663579576914 0.004615815356373787 0
1663579576962 0.004382374230772257 0
1663579577018 0.004292397294193506 0
1663579577074 0.004260648973286152 0
1663579577128 0.0029516643844544888 0
1663579577184 0.004261333495378494 0
1663579577235 0.006503220647573471 0
1663579577295 0.0051949722692370415 0
1663579577351 0.005192779935896397 0
1663579577407 0.005513670854270458 0
1663579577458 0.004506570752710104 0
1663579577506 0.00676540844142437 0
1663579577551 0.003229764988645911 0
1663579577602 0.0038899490609765053 0
1663579577663 0.0056845094077289104 0
1663579577734 0.003139334265142679 0
1663579577794 0.003547470550984144 0
1663579577845 0.0027207680977880955 0
1663579577895 0.005701285786926746 0
1663579577944 0.003907512873411179 0
1663579577996 0.003499912563711405 0
1663579578049 0.004853967577219009 0
1663579578104 0.005720230750739574 0
1663579578158 0.006092648021876812 0
1663579578218 0.004454292356967926 0
1663579578271 0.005609156098216772 0
1663579578324 0.0040055811405181885 0
1663579578378 0.005595842842012644 0
1663579578438 0.006254545412957668 0
1663579578505 0.005312737543135881 0
1663579578566 0.0035533292684704065 0
1663579578625 0.004261914640665054 0
1663579578686 0.0035075026098638773 0
1663579578736 0.004818225745111704 0
1663579578792 0.003740139538422227 0
1663579578848 0.0044997758232057095 0
1663579578903 0.003907429054379463 0
1663579578957 0.006010147742927074 0
1663579579014 0.004287244286388159 0
1663579579071 0.0035064525436609983 0
1663579579131 0.004489959217607975 0
1663579579195 0.0027722232043743134 0
1663579579253 0.003233035560697317 0
1663579579303 0.003506710287183523 0
1663579579355 0.0034937970340251923 0
1663579579405 0.002781308488920331 0
1663579579455 0.0033603133633732796 0
1663579579504 0.0023030706215649843 0
1663579579551 0.004000027198344469 0
1663579579601 0.004416404291987419 0
1663579579656 0.003501996397972107 0
1663579579710 0.004014849662780762 0
1663579579761 0.002949843415990472 0
1663579579813 0.0027369828894734383 0
1663579579858 0.002193097025156021 0
1663579579904 0.0020068148151040077 0
1663579579953 0.002937079407274723 0
1663579580002 0.0029468252323567867 0
1663579580050 0.0020515811629593372 0
1663579580100 0.002815067069604993 0
1663579580147 0.003698586719110608 0
1663579580196 0.004257479216903448 0
1663579580243 0.003493822878226638 0
1663579580303 0.004520275164395571 0
1663579580353 0.003765384666621685 0
1663579580407 0.004265211056917906 0
1663579580456 0.004967512097209692 0
1663579580504 0.0027670483104884624 0
1663579580558 0.003422047710046172 0
1663579580609 0.003007402177900076 0
1663579580659 0.0024782742839306593 0
1663579580711 0.002753586508333683 0
1663579580768 0.004368113819509745 0
1663579580826 0.0029736452270299196 0
1663579580905 0.0027567893266677856 0
1663579580979 0.0037400173023343086 0
1663579581037 0.004757889546453953 0
1663579581098 0.002506268909201026 0
1663579581147 0.001964827533811331 0
1663579581200 0.003004622645676136 0
1663579581252 0.003169188043102622 0
1663579581306 0.004392161034047604 0
1663579581363 0.0025108864065259695 0
1663579581434 0.002255502389743924 0
1663579581501 0.0030084638856351376 0
1663579581566 0.0016545051475986838 0
1663579581627 0.004572859965264797 0
1663579581681 0.004664757754653692 0
1663579581734 0.0032306439243257046 0
1663579581788 0.0037403511814773083 0
1663579581845 0.0032633421942591667 0
1663579581901 0.004399085883051157 0
1663579581968 0.00325089693069458 0
1663579582030 0.002971106441691518 0
1663579582085 0.003277835203334689 0
1663579582133 0.0030031176283955574 0
1663579582181 0.0030352172907441854 0
1663579582238 0.0025062686763703823 0
1663579582291 0.0020049558952450752 0
1663579582346 0.003313521621748805 0
1663579582396 0.00454235915094614 0
1663579582442 0.0031764947343617678 0
1663579582494 0.0033290055580437183 0
1663579582542 0.005080292467027903 0
1663579582591 0.0037428713403642178 0
1663579582644 0.004018149804323912 0
1663579582709 0.004386832471936941 0
1663579582761 0.0050125326961278915 0
1663579582815 0.004010181874036789 0
1663579582865 0.004986357409507036 0
1663579582918 0.0044794511049985886 0
1663579582970 0.003473514225333929 0
1663579583023 0.003300540614873171 0
1663579583070 0.003680757712572813 0
1663579583122 0.004763349890708923 0
1663579583175 0.003493386786431074 0
1663579583232 0.002003816422075033 0
1663579583281 0.0036720570642501116 0
1663579583329 0.0038164155557751656 0
1663579583379 0.003050873288884759 0
1663579583430 0.003582608187571168 0
1663579583485 0.00300577306188643 0
1663579583542 0.0027946752961724997 0
1663579583604 0.0037446559872478247 0
1663579583653 0.0033876982051879168 0
1663579583701 0.0026833682786673307 0
1663579583750 0.0030728396959602833 0
1663579583811 0.005003197118639946 0
1663579583866 0.006229929625988007 0
1663579583917 0.005785730201750994 0
1663579583963 0.003508948953822255 0
1663579584013 0.0033423216082155704 0
1663579584062 0.0038615528028458357 0
1663579584111 0.00300751905888319 0
1663579584160 0.004570457618683577 0
1663579584218 0.004238040652126074 0
1663579584283 0.004270362667739391 0
1663579584343 0.00420680595561862 0
1663579584396 0.002254524966701865 0
1663579584442 0.0034579315688461065 0
1663579584495 0.003436194732785225 0
1663579584546 0.006128361448645592 0
1663579584594 0.003786718472838402 0
1663579584643 0.0022038761526346207 0
1663579584693 0.0027555348351597786 0
1663579584743 0.002109154826030135 0
1663579584794 0.0029996084049344063 0
1663579584847 0.0045996918343007565 0
1663579584901 0.002754821442067623 0
1663579584955 0.0033235272858291864 0
1663579585013 0.004813776351511478 0
1663579585065 0.0033049755729734898 0
1663579585117 0.002906693611294031 0
1663579585164 0.0032659273128956556 0
1663579585213 0.00350754102692008 0
1663579585260 0.004741957411170006 0
1663579585309 0.005222194362431765 0
1663579585359 0.003878433257341385 0
1663579585414 0.0033023289870470762 0
1663579585476 0.004594378173351288 0
1663579585536 0.004726066254079342 0
1663579585587 0.006029179785400629 0
1663579585642 0.00349804968573153 0
1663579585689 0.003976426552981138 0
1663579585739 0.002756478264927864 0
1663579585786 0.0032392677385360003 0
1663579585837 0.0026365071535110474 0
1663579585882 0.008950959891080856 0
1663579585938 0.010069777257740498 0
1663579585983 0.007017362862825394 0
1663579586042 0.003261424135416746 0
1663579586101 0.003508771536871791 0
1663579586161 0.0022724519949406385 0
1663579586218 0.0014943811111152172 0
1663579586270 0.0024150435347110033 0
1663579586324 0.0025060027837753296 0
1663579586373 0.0032657007686793804 0
1663579586425 0.0027568412479013205 0
1663579586475 0.0027575327549129725 0
1663579586524 0.00441431300714612 0
1663579586591 0.003255561226978898 0
1663579586657 0.003467365400865674 0
1663579586708 0.003508672583848238 0
1663579586759 0.002333823824301362 0
1663579586809 0.0022141532972455025 0
1663579586863 0.001214191666804254 0
1663579586923 0.0012802159180864692 0
1663579586973 0.003902954049408436 0
1663579587025 0.0035986548755317926 0
1663579587075 0.0017335484735667706 0
1663579587126 0.0023973453789949417 0
1663579587174 0.0011515726801007986 0
1663579587224 0.002406603656709194 0
1663579587279 0.0032764144707471132 0
1663579587334 0.0032581437844783068 0
1663579587385 0.0035068003926426172 0
1663579587435 0.003099016612395644 0
1663579587484 0.003508493537083268 0
1663579587539 0.002604482462629676 0
1663579587593 0.002506264252588153 0
1663579587642 0.005763918161392212 0
1663579587690 0.004840700887143612 0
1663579587742 0.006015010643750429 0
1663579587795 0.008413546718657017 0
1663579587850 0.0030073472298681736 0
1663579587895 0.0029570625629276037 0
1663579587948 0.0015071430243551731 0
1663579587994 0.003282818477600813 0
1663579588042 0.0020095722284168005 0
1663579588091 0.0037593916058540344 0
1663579588142 0.0027572212275117636 0
1663579588194 0.004326873458921909 0
1663579588249 0.003500646213069558 0
1663579588299 0.0034220118541270494 0
1663579588353 0.0017197849228978157 0
1663579588404 0.0027575879357755184 0
1663579588469 0.001432268531061709 0
1663579588521 0.0032559020910412073 0
1663579588570 0.0025098933838307858 0
1663579588621 0.002256302395835519 0
1663579588669 0.002442906377837062 0
1663579588719 0.0029704372864216566 0
1663579588768 0.0017278991872444749 0
1663579588818 0.0025894183199852705 0
1663579588874 0.005253883078694344 0
1663579588935 0.005760086700320244 0
1663579588990 0.003995351027697325 0
1663579589046 0.0031381994485855103 0
