1663578378378 0.5421052575111389 0
1663578378436 0.6248120069503784 0
1663578378494 0.5894736647605896 0
1663578378550 0.62556391954422 0
1663578378607 0.6872180700302124 0
1663578378656 0.7390977740287781 0
1663578378715 0.7691729068756104 0
1663578378776 0.7879699468612671 0
1663578378839 0.7917293310165405 0
1663578378892 0.8195488452911377 0
1663578378947 0.7684210538864136 0
1663578378999 0.7879699468612671 0
1663578379052 0.8263157606124878 0
1663578379107 0.8451128005981445 0
1663578379160 0.8563909530639648 0
1663578379210 0.8285714387893677 0
1663578379270 0.8451128005981445 0
1663578379326 0.8526315689086914 0
1663578379379 0.8721804618835449 0
1663578379433 0.8473684191703796 0
1663578379489 0.8609022498130798 0
1663578379555 0.8616541624069214 0
1663578379611 0.8661653995513916 0
1663578379672 0.8864661455154419 0
1663578379733 0.8624060153961182 0
1663578379789 0.8571428656578064 0
1663578379847 0.8676691651344299 0
1663578379908 0.8639097809791565 0
1663578379969 0.8646616339683533 0
1663578380023 0.8729323148727417 0
1663578380069 0.8691729307174683 0
1663578380120 0.8684210777282715 0
1663578380175 0.8872180581092834 0
1663578380229 0.8887218236923218 0
1663578380286 0.87443608045578 0
1663578380353 0.8766917586326599 0
1663578380420 0.869924783706665 0
1663578380472 0.8857142925262451 0
1663578380516 0.8751879930496216 0
1663578380567 0.8887218236923218 0
1663578380621 0.8902255892753601 0
1663578380672 0.8999999761581421 0
1663578380722 0.8954887390136719 0
1663578380777 0.9007518887519836 0
1663578380834 0.9112781882286072 0
1663578380896 0.9082706570625305 0
1663578380950 0.9180451035499573 0
1663578381003 0.8984962701797485 0
1663578381063 0.9082706570625305 0
1663578381127 0.9037594199180603 0
1663578381188 0.8954887390136719 0
1663578381239 0.9075188040733337 0
1663578381290 0.9037594199180603 0
1663578381342 0.9037594199180603 0
1663578381392 0.9015037417411804 0
1663578381443 0.9142857193946838 0
1663578381496 0.9150375723838806 0
1663578381549 0.9172932505607605 0
1663578381601 0.9187970161437988 0
1663578381656 0.9210526347160339 0
1663578381706 0.9187970161437988 0
1663578381753 0.9105263352394104 0
1663578381803 0.9097744226455688 0
1663578381852 0.9172932505607605 0
1663578381902 0.9142857193946838 0
1663578381964 0.916541337966919 0
1663578382019 0.9210526347160339 0
1663578382072 0.923308253288269 0
1663578382122 0.9157894849777222 0
1663578382173 0.9112781882286072 0
1663578382229 0.9007518887519836 0
1663578382285 0.9150375723838806 0
1663578382338 0.9195488691329956 0
1663578382394 0.9225564002990723 0
1663578382446 0.9240601658821106 0
1663578382498 0.9203007221221924 0
1663578382547 0.9308270812034607 0
1663578382608 0.9218044877052307 0
1663578382691 0.9255639314651489 0
1663578382758 0.9293233156204224 0
1663578382821 0.927819550037384 0
1663578382874 0.9330826997756958 0
1663578382929 0.9398496150970459 0
1663578382979 0.9353383183479309 0
1663578383032 0.9533834457397461 0
1663578383096 0.9338346123695374 0
1663578383161 0.9353383183479309 0
1663578383227 0.9353383183479309 0
1663578383283 0.9458646774291992 0
1663578383344 0.9383458495140076 0
1663578383406 0.932330846786499 0
1663578383462 0.9330826997756958 0
1663578383523 0.9443609118461609 0
1663578383576 0.9443609118461609 0
1663578383626 0.9458646774291992 0
1663578383681 0.9368420839309692 0
1663578383730 0.9436089992523193 0
1663578383784 0.9451127648353577 0
1663578383848 0.9436089992523193 0
1663578383900 0.9353383183479309 0
1663578383960 0.9413533806800842 0
1663578384013 0.951127827167511 0
1663578384066 0.9398496150970459 0
1663578384113 0.9345864653587341 0
1663578384167 0.9240601658821106 0
1663578384218 0.9285714030265808 0
1663578384272 0.9383458495140076 0
1663578384331 0.946616530418396 0
1663578384390 0.9443609118461609 0
1663578384438 0.9443609118461609 0
1663578384494 0.9473684430122375 0
1663578384555 0.9488722085952759 0
1663578384614 0.9368420839309692 0
1663578384666 0.9413533806800842 0
1663578384716 0.9428571462631226 0
1663578384763 0.9360902309417725 0
1663578384813 0.9473684430122375 0
1663578384864 0.9428571462631226 0
1663578384919 0.9533834457397461 0
1663578384972 0.9496240615844727 0
1663578385020 0.9473684430122375 0
1663578385073 0.9533834457397461 0
1663578385122 0.9473684430122375 0
1663578385177 0.9578947424888611 0
1663578385231 0.9563909769058228 0
1663578385286 0.9586465954780579 0
1663578385345 0.9496240615844727 0
1663578385402 0.9548872113227844 0
1663578385464 0.9533834457397461 0
1663578385516 0.9541353583335876 0
1663578385566 0.9488722085952759 0
1663578385616 0.9428571462631226 0
1663578385671 0.9541353583335876 0
1663578385723 0.9548872113227844 0
1663578385779 0.9578947424888611 0
1663578385830 0.9624060392379761 0
1663578385882 0.951127827167511 0
1663578385938 0.955639123916626 0
1663578385995 0.9526315927505493 0
1663578386059 0.9526315927505493 0
1663578386113 0.9593985080718994 0
1663578386167 0.9578947424888611 0
1663578386221 0.9586465954780579 0
1663578386272 0.9601503610610962 0
1663578386326 0.9541353583335876 0
1663578386378 0.9631578922271729 0
1663578386434 0.951127827167511 0
1663578386486 0.9631578922271729 0
1663578386536 0.9601503610610962 0
1663578386597 0.9609022736549377 0
1663578386659 0.9661654233932495 0
1663578386718 0.9563909769058228 0
1663578386771 0.9571428298950195 0
1663578386833 0.9481202960014343 0
1663578386893 0.9563909769058228 0
1663578386946 0.9548872113227844 0
1663578387003 0.9473684430122375 0
1663578387054 0.9533834457397461 0
1663578387106 0.9571428298950195 0
1663578387154 0.9639097452163696 0
1663578387206 0.9563909769058228 0
1663578387261 0.9548872113227844 0
1663578387313 0.9586465954780579 0
1663578387367 0.9593985080718994 0
1663578387421 0.9646616578102112 0
1663578387474 0.9616541266441345 0
1663578387523 0.9518796801567078 0
1663578387574 0.9593985080718994 0
1663578387628 0.9541353583335876 0
1663578387681 0.9609022736549377 0
1663578387735 0.9571428298950195 0
1663578387793 0.9578947424888611 0
1663578387848 0.9609022736549377 0
1663578387900 0.9646616578102112 0
1663578387956 0.9526315927505493 0
1663578388027 0.9609022736549377 0
1663578388095 0.9616541266441345 0
1663578388148 0.9458646774291992 0
1663578388204 0.9548872113227844 0
1663578388256 0.9639097452163696 0
1663578388309 0.9609022736549377 0
1663578388375 0.9601503610610962 0
1663578388437 0.9578947424888611 0
1663578388496 0.9533834457397461 0
1663578388551 0.9571428298950195 0
1663578388619 0.9601503610610962 0
1663578388681 0.9616541266441345 0
1663578388731 0.951127827167511 0
1663578388779 0.9563909769058228 0
1663578388837 0.9548872113227844 0
1663578388900 0.9661654233932495 0
1663578388956 0.9669172763824463 0
1663578389030 0.946616530418396 0
1663578389086 0.9571428298950195 0
1663578389147 0.9548872113227844 0
1663578389200 0.9345864653587341 0
1663578389250 0.9308270812034607 0
1663578389315 0.9285714030265808 0
1663578389371 0.9360902309417725 0
1663578389429 0.9488722085952759 0
1663578389484 0.9609022736549377 0
1663578389536 0.9481202960014343 0
1663578389586 0.9541353583335876 0
1663578389636 0.9639097452163696 0
1663578389684 0.9639097452163696 0
1663578389734 0.9593985080718994 0
1663578389783 0.9624060392379761 0
1663578389830 0.9646616578102112 0
1663578389882 0.9616541266441345 0
1663578389937 0.9609022736549377 0
1663578389996 0.9624060392379761 0
1663578390055 0.9616541266441345 0
1663578390114 0.9631578922271729 0
1663578390175 0.9616541266441345 0
1663578390225 0.9609022736549377 0
1663578390279 0.9624060392379761 0
1663578390338 0.9639097452163696 0
1663578390392 0.9639097452163696 0
1663578390438 0.9669172763824463 0
1663578390486 0.9616541266441345 0
1663578390533 0.9488722085952759 0
1663578390581 0.9338346123695374 0
1663578390632 0.942105233669281 0
1663578390683 0.9398496150970459 0
1663578390733 0.946616530418396 0
1663578390786 0.9578947424888611 0
1663578390837 0.9586465954780579 0
1663578390893 0.955639123916626 0
1663578390950 0.9691729545593262 0
1663578390999 0.9609022736549377 0
1663578391048 0.9669172763824463 0
1663578391094 0.9691729545593262 0
1663578391144 0.9624060392379761 0
1663578391197 0.9706767201423645 0
1663578391249 0.9646616578102112 0
1663578391302 0.9706767201423645 0
1663578391352 0.9706767201423645 0
1663578391406 0.9669172763824463 0
1663578391466 0.9669172763824463 0
1663578391525 0.9706767201423645 0
1663578391576 0.9676691889762878 0
1663578391624 0.9691729545593262 0
1663578391672 0.9669172763824463 0
1663578391721 0.969924807548523 0
1663578391774 0.9676691889762878 0
1663578391822 0.9669172763824463 0
1663578391873 0.9616541266441345 0
1663578391922 0.9676691889762878 0
1663578391974 0.9646616578102112 0
1663578392022 0.9646616578102112 0
1663578392077 0.9578947424888611 0
1663578392136 0.955639123916626 0
1663578392192 0.951127827167511 0
1663578392244 0.9496240615844727 0
1663578392304 0.9541353583335876 0
1663578392360 0.9488722085952759 0
1663578392414 0.965413510799408 0
1663578392470 0.9609022736549377 0
1663578392531 0.9646616578102112 0
1663578392605 0.9631578922271729 0
1663578392672 0.9639097452163696 0
1663578392720 0.9631578922271729 0
1663578392764 0.9714285731315613 0
1663578392813 0.969924807548523 0
1663578392870 0.969924807548523 0
1663578392928 0.969924807548523 0
1663578392990 0.9714285731315613 0
1663578393044 0.9714285731315613 0
1663578393097 0.9714285731315613 0
1663578393152 0.9691729545593262 0
1663578393206 0.965413510799408 0
1663578393253 0.9714285731315613 0
1663578393300 0.9691729545593262 0
1663578393359 0.965413510799408 0
1663578393413 0.9646616578102112 0
1663578393476 0.9616541266441345 0
1663578393538 0.9684210419654846 0
1663578393596 0.9646616578102112 0
1663578393644 0.9714285731315613 0
1663578393692 0.9661654233932495 0
1663578393743 0.9669172763824463 0
1663578393800 0.9210526347160339 0
1663578393849 0.9030075073242188 0
1663578393901 0.8992481231689453 0
1663578393951 0.9007518887519836 0
1663578394001 0.9360902309417725 0
1663578394052 0.9661654233932495 0
1663578394109 0.9639097452163696 0
1663578394161 0.9721804261207581 0
1663578394211 0.9646616578102112 0
1663578394259 0.9691729545593262 0
1663578394311 0.9774436354637146 0
1663578394362 0.969924807548523 0
1663578394411 0.969924807548523 0
1663578394458 0.9669172763824463 0
1663578394506 0.9714285731315613 0
1663578394554 0.9721804261207581 0
1663578394610 0.9676691889762878 0
1663578394666 0.9639097452163696 0
1663578394716 0.969924807548523 0
1663578394775 0.9721804261207581 0
1663578394837 0.9631578922271729 0
1663578394902 0.9646616578102112 0
1663578394969 0.9684210419654846 0
1663578395029 0.9639097452163696 0
1663578395081 0.9721804261207581 0
1663578395138 0.9669172763824463 0
1663578395198 0.9661654233932495 0
1663578395250 0.9691729545593262 0
1663578395306 0.9789473414421082 0
1663578395359 0.9729323387145996 0
1663578395413 0.9744361042976379 0
1663578395471 0.9751879572868347 0
1663578395530 0.976691722869873 0
1663578395589 0.9646616578102112 0
1663578395644 0.9661654233932495 0
1663578395700 0.9691729545593262 0
1663578395759 0.9631578922271729 0
1663578395815 0.965413510799408 0
1663578395864 0.9676691889762878 0
1663578395916 0.969924807548523 0
1663578395967 0.9691729545593262 0
1663578396024 0.9721804261207581 0
1663578396083 0.9751879572868347 0
1663578396140 0.9691729545593262 0
1663578396209 0.969924807548523 0
1663578396285 0.9616541266441345 0
1663578396350 0.9691729545593262 0
1663578396407 0.9639097452163696 0
1663578396456 0.969924807548523 0
1663578396516 0.9706767201423645 0
1663578396572 0.9751879572868347 0
1663578396630 0.9759398698806763 0
1663578396682 0.9714285731315613 0
1663578396733 0.9751879572868347 0
1663578396784 0.9729323387145996 0
1663578396845 0.976691722869873 0
1663578396912 0.9721804261207581 0
1663578396972 0.9751879572868347 0
1663578397034 0.9774436354637146 0
1663578397093 0.9736841917037964 0
1663578397140 0.9684210419654846 0
1663578397196 0.9721804261207581 0
1663578397252 0.9744361042976379 0
1663578397307 0.9751879572868347 0
1663578397362 0.9751879572868347 0
1663578397413 0.9804511070251465 0
1663578397467 0.9646616578102112 0
1663578397522 0.9759398698806763 0
1663578397576 0.9714285731315613 0
1663578397635 0.969924807548523 0
1663578397694 0.9676691889762878 0
1663578397757 0.9624060392379761 0
1663578397819 0.9676691889762878 0
1663578397870 0.9639097452163696 0
1663578397924 0.976691722869873 0
1663578397973 0.9744361042976379 0
1663578398030 0.9721804261207581 0
1663578398085 0.9624060392379761 0
1663578398143 0.951127827167511 0
1663578398194 0.9541353583335876 0
1663578398252 0.965413510799408 0
1663578398310 0.9661654233932495 0
1663578398372 0.9691729545593262 0
1663578398431 0.9684210419654846 0
1663578398482 0.9706767201423645 0
1663578398530 0.9714285731315613 0
1663578398576 0.969924807548523 0
1663578398625 0.9669172763824463 0
1663578398674 0.9669172763824463 0
1663578398724 0.9616541266441345 0
1663578398772 0.9639097452163696 0
1663578398821 0.9714285731315613 0
1663578398869 0.9706767201423645 0
1663578398924 0.969924807548523 0
1663578398981 0.9721804261207581 0
1663578399038 0.9729323387145996 0
1663578399095 0.9744361042976379 0
1663578399148 0.9774436354637146 0
1663578399203 0.9721804261207581 0
1663578399256 0.9774436354637146 0
1663578399315 0.9781954884529114 0
1663578399363 0.969924807548523 0
1663578399419 0.976691722869873 0
1663578399470 0.9721804261207581 0
1663578399531 0.9796992540359497 0
1663578399581 0.9714285731315613 0
1663578399631 0.9661654233932495 0
1663578399686 0.9759398698806763 0
1663578399739 0.9759398698806763 0
1663578399795 0.9691729545593262 0
1663578399843 0.9684210419654846 0
1663578399891 0.965413510799408 0
1663578399940 0.9639097452163696 0
1663578399988 0.9669172763824463 0
1663578400038 0.9789473414421082 0
1663578400085 0.9676691889762878 0
1663578400135 0.9736841917037964 0
1663578400188 0.9759398698806763 0
1663578400237 0.9744361042976379 0
1663578400294 0.9721804261207581 0
1663578400354 0.9751879572868347 0
1663578400413 0.976691722869873 0
1663578400462 0.9691729545593262 0
1663578400510 0.969924807548523 0
1663578400557 0.976691722869873 0
1663578400608 0.965413510799408 0
1663578400664 0.9721804261207581 0
1663578400719 0.9744361042976379 0
1663578400774 0.9721804261207581 0
1663578400823 0.969924807548523 0
1663578400873 0.9721804261207581 0
1663578400925 0.9706767201423645 0
1663578400976 0.9736841917037964 0
1663578401037 0.9736841917037964 0
1663578401092 0.976691722869873 0
1663578401146 0.9714285731315613 0
1663578401198 0.9714285731315613 0
1663578401251 0.9691729545593262 0
1663578401303 0.9714285731315613 0
1663578401357 0.9744361042976379 0
1663578401411 0.9729323387145996 0
1663578401469 0.9721804261207581 0
1663578401528 0.976691722869873 0
1663578401595 0.9774436354637146 0
1663578401655 0.9736841917037964 0
1663578401713 0.9781954884529114 0
1663578401782 0.9751879572868347 0
1663578401850 0.9706767201423645 0
1663578401910 0.9804511070251465 0
1663578401957 0.9751879572868347 0
1663578402005 0.9789473414421082 0
1663578402056 0.976691722869873 0
1663578402109 0.9774436354637146 0
1663578402157 0.976691722869873 0
1663578402208 0.9759398698806763 0
1663578402257 0.9834586381912231 0
1663578402308 0.9744361042976379 0
1663578402357 0.9774436354637146 0
1663578402414 0.976691722869873 0
1663578402482 0.9796992540359497 0
1663578402544 0.9789473414421082 0
1663578402600 0.9804511070251465 0
1663578402659 0.976691722869873 0
1663578402740 0.9804511070251465 0
1663578402789 0.9781954884529114 0
1663578402832 0.9781954884529114 0
1663578402882 0.9736841917037964 0
1663578402938 0.9759398698806763 0
1663578402994 0.9669172763824463 0
1663578403050 0.9751879572868347 0
1663578403109 0.9706767201423645 0
1663578403159 0.9646616578102112 0
1663578403211 0.9781954884529114 0
1663578403266 0.9751879572868347 0
1663578403316 0.9789473414421082 0
1663578403367 0.976691722869873 0
1663578403424 0.9834586381912231 0
1663578403471 0.9714285731315613 0
1663578403516 0.9676691889762878 0
1663578403562 0.965413510799408 0
1663578403640 0.9601503610610962 0
1663578403703 0.9601503610610962 0
1663578403764 0.9593985080718994 0
1663578403826 0.9684210419654846 0
1663578403885 0.969924807548523 0
1663578403944 0.969924807548523 0
1663578403991 0.9759398698806763 0
1663578404037 0.9631578922271729 0
1663578404094 0.9721804261207581 0
1663578404155 0.976691722869873 0
1663578404215 0.9781954884529114 0
1663578404271 0.9736841917037964 0
1663578404320 0.9759398698806763 0
1663578404375 0.9819548726081848 0
1663578404430 0.981203019618988 0
1663578404490 0.9774436354637146 0
1663578404544 0.9819548726081848 0
1663578404603 0.9789473414421082 0
1663578404657 0.9751879572868347 0
1663578404710 0.976691722869873 0
1663578404765 0.9774436354637146 0
1663578404831 0.976691722869873 0
1663578404886 0.9729323387145996 0
1663578404941 0.9721804261207581 0
1663578404997 0.976691722869873 0
1663578405059 0.9834586381912231 0
1663578405113 0.9827067852020264 0
1663578405174 0.981203019618988 0
1663578405228 0.981203019618988 0
1663578405293 0.9804511070251465 0
1663578405354 0.981203019618988 0
1663578405407 0.9789473414421082 0
1663578405451 0.9834586381912231 0
1663578405509 0.9834586381912231 0
1663578405561 0.9781954884529114 0
1663578405614 0.9827067852020264 0
1663578405663 0.9834586381912231 0
1663578405714 0.976691722869873 0
1663578405768 0.976691722869873 0
1663578405824 0.9714285731315613 0
1663578405886 0.9751879572868347 0
1663578405943 0.9736841917037964 0
1663578406000 0.9796992540359497 0
1663578406054 0.9714285731315613 0
1663578406107 0.9706767201423645 0
1663578406164 0.9789473414421082 0
1663578406235 0.9774436354637146 0
1663578406289 0.9774436354637146 0
1663578406352 0.9736841917037964 0
1663578406410 0.9714285731315613 0
1663578406464 0.981203019618988 0
1663578406523 0.9751879572868347 0
1663578406582 0.9827067852020264 0
1663578406635 0.9842105507850647 0
1663578406689 0.9789473414421082 0
1663578406746 0.9751879572868347 0
1663578406794 0.9789473414421082 0
1663578406842 0.9729323387145996 0
1663578406895 0.9774436354637146 0
1663578406942 0.9751879572868347 0
1663578406994 0.9819548726081848 0
1663578407052 0.9789473414421082 0
1663578407102 0.9789473414421082 0
1663578407157 0.981203019618988 0
1663578407208 0.9781954884529114 0
1663578407265 0.9789473414421082 0
1663578407324 0.9804511070251465 0
1663578407379 0.981203019618988 0
1663578407427 0.9796992540359497 0
1663578407473 0.9834586381912231 0
1663578407524 0.976691722869873 0
1663578407580 0.9729323387145996 0
1663578407634 0.9751879572868347 0
1663578407689 0.9834586381912231 0
1663578407738 0.981203019618988 0
1663578407783 0.9796992540359497 0
1663578407835 0.9819548726081848 0
1663578407890 0.981203019618988 0
1663578407942 0.9804511070251465 0
1663578407996 0.9842105507850647 0
1663578408049 0.9834586381912231 0
1663578408104 0.9834586381912231 0
1663578408159 0.9804511070251465 0
1663578408212 0.9804511070251465 0
1663578408265 0.9842105507850647 0
1663578408317 0.9819548726081848 0
1663578408370 0.9819548726081848 0
1663578408425 0.9774436354637146 0
1663578408484 0.9804511070251465 0
1663578408544 0.9827067852020264 0
1663578408603 0.981203019618988 0
1663578408659 0.9736841917037964 0
1663578408724 0.9796992540359497 0
1663578408790 0.981203019618988 0
1663578408842 0.9796992540359497 0
1663578408894 0.976691722869873 0
1663578408952 0.9804511070251465 0
1663578409004 0.981203019618988 0
1663578409056 0.9789473414421082 0
1663578409112 0.9751879572868347 0
1663578409164 0.9781954884529114 0
1663578409216 0.9759398698806763 0
1663578409277 0.9736841917037964 0
1663578409339 0.9751879572868347 0
1663578409398 0.9684210419654846 0
1663578409454 0.969924807548523 0
1663578409504 0.9789473414421082 0
1663578409556 0.9804511070251465 0
1663578409615 0.9834586381912231 0
1663578409666 0.9714285731315613 0
1663578409715 0.9669172763824463 0
1663578409764 0.9759398698806763 0
1663578409815 0.9774436354637146 0
1663578409868 0.9834586381912231 0
1663578409929 0.9834586381912231 0
1663578409994 0.9887217879295349 0
1663578410049 0.9834586381912231 0
1663578410104 0.9796992540359497 0
1663578410158 0.9842105507850647 0
1663578410206 0.9796992540359497 0
1663578410258 0.9804511070251465 0
1663578410308 0.9819548726081848 0
1663578410357 0.9842105507850647 0
1663578410415 0.9781954884529114 0
1663578410465 0.9842105507850647 0
1663578410517 0.9774436354637146 0
1663578410573 0.981203019618988 0
1663578410624 0.9781954884529114 0
1663578410674 0.981203019618988 0
1663578410739 0.9834586381912231 0
1663578410802 0.9759398698806763 0
1663578410853 0.9819548726081848 0
1663578410900 0.9849624037742615 0
1663578410949 0.976691722869873 0
1663578411000 0.9819548726081848 0
1663578411059 0.981203019618988 0
1663578411113 0.9789473414421082 0
1663578411162 0.981203019618988 0
1663578411212 0.9781954884529114 0
1663578411261 0.9774436354637146 0
1663578411313 0.9789473414421082 0
1663578411364 0.981203019618988 0
1663578411418 0.9834586381912231 0
1663578411471 0.981203019618988 0
1663578411522 0.9849624037742615 0
1663578411571 0.9774436354637146 0
1663578411621 0.9834586381912231 0
1663578411671 0.9819548726081848 0
1663578411727 0.9796992540359497 0
1663578411782 0.9789473414421082 0
1663578411840 0.9849624037742615 0
1663578411900 0.981203019618988 0
1663578411960 0.981203019618988 0
1663578412007 0.9834586381912231 0
1663578412056 0.9789473414421082 0
1663578412104 0.981203019618988 0
1663578412159 0.9804511070251465 0
1663578412211 0.9842105507850647 0
1663578412262 0.9819548726081848 0
1663578412310 0.9789473414421082 0
1663578412360 0.9842105507850647 0
1663578412409 0.9849624037742615 0
1663578412459 0.9819548726081848 0
1663578412506 0.9849624037742615 0
1663578412559 0.9842105507850647 0
1663578412613 0.9827067852020264 0
1663578412669 0.9849624037742615 0
1663578412723 0.9789473414421082 0
1663578412774 0.9661654233932495 0
1663578412826 0.9736841917037964 0
1663578412875 0.9804511070251465 0
1663578412927 0.9789473414421082 0
1663578412975 0.9819548726081848 0
1663578413037 0.981203019618988 0
1663578413097 0.9827067852020264 0
1663578413154 0.9849624037742615 0
1663578413202 0.9834586381912231 0
1663578413254 0.9842105507850647 0
1663578413310 0.9849624037742615 0
1663578413373 0.9834586381912231 0
1663578413440 0.9827067852020264 0
1663578413508 0.9857142567634583 0
1663578413570 0.9827067852020264 0
1663578413619 0.9849624037742615 0
1663578413670 0.9834586381912231 0
1663578413720 0.9819548726081848 0
1663578413767 0.9819548726081848 0
1663578413817 0.9872180223464966 0
1663578413864 0.9834586381912231 0
1663578413917 0.9864661693572998 0
1663578413967 0.9789473414421082 0
1663578414029 0.9759398698806763 0
1663578414087 0.9691729545593262 0
1663578414153 0.9736841917037964 0
1663578414221 0.9834586381912231 0
1663578414286 0.981203019618988 0
1663578414338 0.9834586381912231 0
1663578414388 0.9849624037742615 0
1663578414441 0.9864661693572998 0
1663578414510 0.9819548726081848 0
1663578414563 0.9804511070251465 0
1663578414620 0.9819548726081848 0
1663578414669 0.9759398698806763 0
1663578414719 0.9834586381912231 0
1663578414765 0.9789473414421082 0
1663578414824 0.9804511070251465 0
1663578414881 0.9774436354637146 0
1663578414933 0.9804511070251465 0
1663578414981 0.9819548726081848 0
1663578415038 0.981203019618988 0
1663578415091 0.9842105507850647 0
1663578415145 0.9819548726081848 0
1663578415197 0.9774436354637146 0
1663578415251 0.9857142567634583 0
1663578415302 0.9857142567634583 0
1663578415355 0.9804511070251465 0
1663578415411 0.9819548726081848 0
1663578415467 0.9819548726081848 0
1663578415530 0.976691722869873 0
1663578415586 0.9774436354637146 0
1663578415644 0.9819548726081848 0
1663578415695 0.9842105507850647 0
1663578415740 0.9857142567634583 0
1663578415785 0.9879699349403381 0
1663578415838 0.9857142567634583 0
1663578415888 0.9827067852020264 0
1663578415938 0.9781954884529114 0
1663578415984 0.9849624037742615 0
1663578416033 0.9819548726081848 0
1663578416085 0.9842105507850647 0
1663578416142 0.9796992540359497 0
1663578416201 0.9804511070251465 0
1663578416259 0.9864661693572998 0
1663578416308 0.9894737005233765 0
1663578416361 0.9849624037742615 0
1663578416409 0.9879699349403381 0
1663578416465 0.9864661693572998 0
1663578416526 0.9872180223464966 0
1663578416580 0.9842105507850647 0
