1663578378375 0.4833419919013977 0
1663578378433 0.3882679045200348 0
1663578378492 0.3187371790409088 0
1663578378548 0.257468044757843 0
1663578378605 0.21759381890296936 0
1663578378654 0.1865340769290924 0
1663578378712 0.17963312566280365 0
1663578378773 0.16877222061157227 0
1663578378836 0.16337472200393677 0
1663578378889 0.1476387083530426 0
1663578378945 0.150199756026268 0
1663578378996 0.14060425758361816 0
1663578379050 0.1273973137140274 0
1663578379104 0.11591564118862152 0
1663578379157 0.10775746405124664 0
1663578379207 0.10860666632652283 0
1663578379259 0.09773145616054535 0
1663578379323 0.08403481543064117 0
1663578379377 0.07920454442501068 0
1663578379431 0.08220940083265305 0
1663578379488 0.07087388634681702 0
1663578379553 0.07885342091321945 0
1663578379607 0.07310688495635986 0
1663578379668 0.0646655410528183 0
1663578379731 0.06754303723573685 0
1663578379787 0.06742223352193832 0
1663578379845 0.06484496593475342 0
1663578379904 0.062302105128765106 0
1663578379967 0.06073176860809326 0
1663578380020 0.059302929788827896 0
1663578380067 0.05341657996177673 0
1663578380117 0.051681794226169586 0
1663578380172 0.05208791419863701 0
1663578380227 0.045620888471603394 0
1663578380284 0.05089300498366356 0
1663578380349 0.04901643842458725 0
1663578380416 0.05059561878442764 0
1663578380470 0.0497249960899353 0
1663578380514 0.04628407210111618 0
1663578380565 0.0491434670984745 0
1663578380619 0.04626477137207985 0
1663578380670 0.04447641596198082 0
1663578380720 0.03982178866863251 0
1663578380774 0.04026680439710617 0
1663578380832 0.0399441234767437 0
1663578380893 0.039002154022455215 0
1663578380947 0.03888877481222153 0
1663578381000 0.04315418750047684 0
1663578381061 0.03820015862584114 0
1663578381124 0.03707738593220711 0
1663578381186 0.03921365737915039 0
1663578381237 0.0354803167283535 0
1663578381288 0.037286654114723206 0
1663578381339 0.03636101633310318 0
1663578381390 0.03927009552717209 0
1663578381441 0.03719524294137955 0
1663578381493 0.0347772017121315 0
1663578381547 0.03577079623937607 0
1663578381599 0.03351311758160591 0
1663578381653 0.029591228812932968 0
1663578381704 0.02844488061964512 0
1663578381751 0.030573630705475807 0
1663578381801 0.03551173210144043 0
1663578381850 0.03235544264316559 0
1663578381899 0.030847853049635887 0
1663578381961 0.03473931550979614 0
1663578382017 0.030965285375714302 0
1663578382069 0.03115692175924778 0
1663578382119 0.03025549091398716 0
1663578382170 0.03074921853840351 0
1663578382226 0.037016917020082474 0
1663578382282 0.03570989519357681 0
1663578382336 0.03231923282146454 0
1663578382392 0.029742663726210594 0
1663578382443 0.02918318845331669 0
1663578382496 0.030072707682847977 0
1663578382545 0.02725495584309101 0
1663578382604 0.025153640657663345 0
1663578382687 0.029507996514439583 0
1663578382754 0.03195580095052719 0
1663578382819 0.0288555808365345 0
1663578382871 0.02488168329000473 0
1663578382926 0.023912658914923668 0
1663578382976 0.02580668218433857 0
1663578383030 0.021695999428629875 0
1663578383092 0.026963256299495697 0
1663578383157 0.026940034702420235 0
1663578383224 0.025421982631087303 0
1663578383280 0.023835986852645874 0
1663578383340 0.026196716353297234 0
1663578383403 0.027167703956365585 0
1663578383458 0.025937678292393684 0
1663578383520 0.024637902155518532 0
1663578383572 0.02528134174644947 0
1663578383622 0.023084722459316254 0
1663578383678 0.022644201293587685 0
1663578383727 0.01861235871911049 0
1663578383782 0.021219950169324875 0
1663578383845 0.022209694609045982 0
1663578383898 0.024558493867516518 0
1663578383958 0.02229125238955021 0
1663578384011 0.02139246091246605 0
1663578384064 0.023489007726311684 0
1663578384111 0.02747868373990059 0
1663578384165 0.030724460259079933 0
1663578384216 0.027186576277017593 0
1663578384269 0.02010827511548996 0
1663578384328 0.020223835483193398 0
1663578384388 0.019786646589636803 0
1663578384436 0.021969303488731384 0
1663578384492 0.022337500005960464 0
1663578384552 0.01743631809949875 0
1663578384612 0.022235827520489693 0
1663578384663 0.02015335112810135 0
1663578384713 0.022105159237980843 0
1663578384760 0.025040527805685997 0
1663578384811 0.025179319083690643 0
1663578384861 0.02343950979411602 0
1663578384917 0.019066406413912773 0
1663578384971 0.018858959898352623 0
1663578385018 0.019695347175002098 0
1663578385070 0.01905519887804985 0
1663578385120 0.019265010952949524 0
1663578385174 0.016299523413181305 0
1663578385229 0.017597220838069916 0
1663578385284 0.01763969287276268 0
1663578385342 0.018548332154750824 0
1663578385399 0.01872299239039421 0
1663578385461 0.0165727362036705 0
1663578385515 0.018913982436060905 0
1663578385564 0.02027554251253605 0
1663578385614 0.023012394085526466 0
1663578385669 0.018557492643594742 0
1663578385721 0.01862587220966816 0
1663578385777 0.020424475893378258 0
1663578385827 0.01697329618036747 0
1663578385880 0.02056785114109516 0
1663578385936 0.019995644688606262 0
1663578385992 0.01864785887300968 0
1663578386056 0.01926170103251934 0
1663578386110 0.01651858165860176 0
1663578386164 0.016810165718197823 0
1663578386219 0.016767602413892746 0
1663578386270 0.017332011833786964 0
1663578386323 0.01927346922457218 0
1663578386376 0.01699725165963173 0
1663578386432 0.021127155050635338 0
1663578386484 0.014408188872039318 0
1663578386534 0.01360140461474657 0
1663578386593 0.01734885387122631 0
1663578386655 0.013186520896852016 0
1663578386715 0.01971832662820816 0
1663578386769 0.01522221788764 0
1663578386830 0.018976271152496338 0
1663578386891 0.016541309654712677 0
1663578386944 0.01721964403986931 0
1663578387001 0.02008991129696369 0
1663578387052 0.019405892118811607 0
1663578387104 0.015811681747436523 0
1663578387152 0.01621163636445999 0
1663578387204 0.01682872883975506 0
1663578387259 0.017035407945513725 0
1663578387312 0.01720118522644043 0
1663578387365 0.019028717651963234 0
1663578387418 0.014900666661560535 0
1663578387472 0.01592380926012993 0
1663578387521 0.019352087751030922 0
1663578387572 0.015039395540952682 0
1663578387625 0.01830700971186161 0
1663578387678 0.014807334169745445 0
1663578387733 0.01645398885011673 0
1663578387790 0.016887597739696503 0
1663578387845 0.014878248795866966 0
1663578387898 0.013324079103767872 0
1663578387953 0.01714172586798668 0
1663578388022 0.014350846409797668 0
1663578388092 0.015804361552000046 0
1663578388146 0.018972113728523254 0
1663578388202 0.01965218223631382 0
1663578388253 0.01808248460292816 0
1663578388305 0.016062645241618156 0
1663578388372 0.01692899502813816 0
1663578388434 0.016816062852740288 0
1663578388493 0.016665523871779442 0
1663578388550 0.017112404108047485 0
1663578388616 0.0135090546682477 0
1663578388679 0.014219377189874649 0
1663578388729 0.016506198793649673 0
1663578388777 0.016957327723503113 0
1663578388834 0.017783774062991142 0
1663578388896 0.013965222053229809 0
1663578388953 0.014561538584530354 0
1663578389027 0.01859980635344982 0
1663578389084 0.01680966466665268 0
1663578389143 0.019295722246170044 0
1663578389198 0.02557615377008915 0
1663578389248 0.025240162387490273 0
1663578389312 0.027436524629592896 0
1663578389369 0.025871707126498222 0
1663578389426 0.01814146712422371 0
1663578389482 0.014142079278826714 0
1663578389534 0.014811953529715538 0
1663578389583 0.01574794389307499 0
1663578389634 0.014115266501903534 0
1663578389682 0.014756176620721817 0
1663578389732 0.015361413359642029 0
1663578389781 0.012775092385709286 0
1663578389828 0.01478694099932909 0
1663578389880 0.014398285187780857 0
1663578389935 0.014837902970612049 0
1663578389993 0.012983601540327072 0
1663578390052 0.014342396520078182 0
1663578390112 0.011551887728273869 0
1663578390172 0.01143362745642662 0
1663578390222 0.014047139324247837 0
1663578390275 0.011644340120255947 0
1663578390335 0.01451076753437519 0
1663578390390 0.012240884825587273 0
1663578390435 0.011512392200529575 0
1663578390483 0.012639114633202553 0
1663578390531 0.015508036129176617 0
1663578390579 0.020244859158992767 0
1663578390630 0.017954329028725624 0
1663578390681 0.017833774909377098 0
1663578390730 0.014756126329302788 0
1663578390784 0.013770883902907372 0
1663578390835 0.013494071550667286 0
1663578390890 0.014238176867365837 0
1663578390948 0.011715035885572433 0
1663578390997 0.011549047194421291 0
1663578391045 0.010824721306562424 0
1663578391092 0.010801443830132484 0
1663578391142 0.015053980052471161 0
1663578391195 0.011472470127046108 0
1663578391248 0.01496023777872324 0
1663578391300 0.01175724621862173 0
1663578391350 0.012030800804495811 0
1663578391403 0.013790961354970932 0
1663578391463 0.01303272508084774 0
1663578391523 0.010843337513506413 0
1663578391574 0.011777178384363651 0
1663578391621 0.010798726230859756 0
1663578391670 0.014433982782065868 0
1663578391719 0.011700963601469994 0
1663578391772 0.012975998222827911 0
1663578391820 0.01272596325725317 0
1663578391870 0.013809324242174625 0
1663578391920 0.012352116405963898 0
1663578391972 0.013534902594983578 0
1663578392020 0.01353740505874157 0
1663578392075 0.014263428747653961 0
1663578392134 0.015052865259349346 0
1663578392190 0.016700193285942078 0
1663578392241 0.01815824955701828 0
1663578392302 0.015528145246207714 0
1663578392357 0.01910679042339325 0
1663578392412 0.011954919435083866 0
1663578392468 0.0132741155102849 0
1663578392527 0.013715689070522785 0
1663578392601 0.012973238714039326 0
1663578392668 0.01101677119731903 0
1663578392718 0.014517534524202347 0
1663578392762 0.010024872608482838 0
1663578392811 0.013218658976256847 0
1663578392868 0.010460371151566505 0
1663578392925 0.011460192501544952 0
1663578392987 0.010382307693362236 0
1663578393042 0.011264669708907604 0
1663578393095 0.012528015300631523 0
1663578393150 0.00902201235294342 0
1663578393204 0.012030272744596004 0
1663578393251 0.008521277457475662 0
1663578393298 0.011235663667321205 0
1663578393357 0.010839412920176983 0
1663578393409 0.011869462206959724 0
1663578393473 0.01404932327568531 0
1663578393535 0.012217683717608452 0
1663578393593 0.011827285401523113 0
1663578393641 0.012503988109529018 0
1663578393690 0.0132990013808012 0
1663578393741 0.013059167191386223 0
1663578393798 0.02486240491271019 0
1663578393847 0.032196249812841415 0
1663578393898 0.034440457820892334 0
1663578393949 0.031649064272642136 0
1663578393998 0.019382910802960396 0
1663578394049 0.013481562957167625 0
1663578394107 0.010618996806442738 0
1663578394159 0.010657870210707188 0
1663578394209 0.011107642203569412 0
1663578394257 0.009540685452520847 0
1663578394308 0.00857205968350172 0
1663578394360 0.013090375810861588 0
1663578394409 0.010083458386361599 0
1663578394456 0.011120574548840523 0
1663578394504 0.011627634055912495 0
1663578394552 0.009619157761335373 0
1663578394607 0.012088408693671227 0
1663578394663 0.014343918301165104 0
1663578394714 0.014635910280048847 0
1663578394772 0.010275698266923428 0
1663578394834 0.011685878038406372 0
1663578394900 0.010277330875396729 0
1663578394963 0.011845428496599197 0
1663578395026 0.010825389996170998 0
1663578395079 0.010664044879376888 0
1663578395135 0.009516625665128231 0
1663578395196 0.012273668311536312 0
1663578395247 0.011838790029287338 0
1663578395304 0.009773530066013336 0
1663578395356 0.011232996359467506 0
1663578395411 0.010514479130506516 0
1663578395467 0.01081635057926178 0
1663578395527 0.008599850349128246 0
1663578395586 0.011788303963840008 0
1663578395642 0.01118390541523695 0
1663578395697 0.010276579298079014 0
1663578395756 0.011933651752769947 0
1663578395813 0.01282348483800888 0
1663578395862 0.011480400338768959 0
1663578395913 0.01065613329410553 0
1663578395965 0.00924869254231453 0
1663578396020 0.011156219057738781 0
1663578396080 0.009524048306047916 0
1663578396137 0.011156285181641579 0
1663578396207 0.010930104181170464 0
1663578396281 0.013017048127949238 0
1663578396348 0.010837757959961891 0
1663578396405 0.011884035542607307 0
1663578396454 0.012363871559500694 0
1663578396513 0.011528841219842434 0
1663578396570 0.009009729139506817 0
1663578396627 0.01046797540038824 0
1663578396681 0.008521128445863724 0
1663578396730 0.010534188710153103 0
1663578396782 0.010022057220339775 0
1663578396844 0.010507017374038696 0
1663578396908 0.011530986055731773 0
1663578396969 0.009272429160773754 0
1663578397032 0.01025526225566864 0
1663578397091 0.010327103547751904 0
1663578397137 0.011798379942774773 0
1663578397192 0.009662221185863018 0
1663578397250 0.01228131353855133 0
1663578397304 0.012495303526520729 0
1663578397360 0.014036319218575954 0
1663578397412 0.009751473553478718 0
1663578397465 0.014771484769880772 0
1663578397519 0.009462771005928516 0
1663578397574 0.01101743895560503 0
1663578397633 0.011858518235385418 0
1663578397689 0.013229181058704853 0
1663578397754 0.01952207460999489 0
1663578397818 0.020799219608306885 0
1663578397868 0.026178045198321342 0
1663578397921 0.0220634862780571 0
1663578397970 0.02155187539756298 0
1663578398028 0.014561307616531849 0
1663578398083 0.013726665638387203 0
1663578398141 0.015940846875309944 0
1663578398190 0.013572799041867256 0
1663578398250 0.011500678956508636 0
1663578398307 0.01277467142790556 0
1663578398368 0.010882786475121975 0
1663578398429 0.010587329044938087 0
1663578398480 0.011501862667500973 0
1663578398527 0.011022321879863739 0
1663578398574 0.010690046474337578 0
1663578398622 0.011381152085959911 0
1663578398671 0.013242232613265514 0
1663578398721 0.011502216570079327 0
1663578398770 0.010273963212966919 0
1663578398819 0.011791286990046501 0
1663578398867 0.011263668537139893 0
1663578398921 0.011715272441506386 0
1663578398978 0.010784191079437733 0
1663578399035 0.011135894805192947 0
1663578399093 0.011277081444859505 0
1663578399145 0.01032639667391777 0
1663578399201 0.010997823439538479 0
1663578399253 0.009967898018658161 0
1663578399313 0.009128153324127197 0
1663578399361 0.009806809015572071 0
1663578399416 0.008014049381017685 0
1663578399468 0.010525873862206936 0
1663578399528 0.007633470930159092 0
1663578399579 0.008360425010323524 0
1663578399629 0.012792563997209072 0
1663578399684 0.00927102379500866 0
1663578399737 0.008092422038316727 0
1663578399793 0.009376213885843754 0
1663578399841 0.010419936850667 0
1663578399889 0.010774629190564156 0
1663578399937 0.011831449344754219 0
1663578399985 0.010784412734210491 0
1663578400036 0.009068891406059265 0
1663578400083 0.009331435896456242 0
1663578400133 0.010293012484908104 0
1663578400186 0.010224946774542332 0
1663578400235 0.009081766940653324 0
1663578400291 0.010024995543062687 0
1663578400352 0.008533690124750137 0
1663578400410 0.009774179197847843 0
1663578400459 0.011533530429005623 0
1663578400508 0.011025669984519482 0
1663578400554 0.008033386431634426 0
1663578400605 0.013098830357193947 0
1663578400661 0.010191109962761402 0
1663578400717 0.010420005768537521 0
1663578400771 0.010238070040941238 0
1663578400820 0.010321232490241528 0
1663578400870 0.010726962238550186 0
1663578400922 0.010823230259120464 0
1663578400974 0.008435475639998913 0
1663578401034 0.009033707901835442 0
1663578401090 0.007893124595284462 0
1663578401143 0.010641482658684254 0
1663578401196 0.011526808142662048 0
1663578401249 0.01073872484266758 0
1663578401301 0.008808019571006298 0
1663578401354 0.008018406108021736 0
1663578401409 0.008813554421067238 0
1663578401466 0.010701733641326427 0
1663578401526 0.00827824417501688 0
1663578401592 0.0082012377679348 0
1663578401653 0.00885105598717928 0
1663578401710 0.006594094447791576 0
1663578401779 0.00851836334913969 0
1663578401848 0.008888829499483109 0
1663578401907 0.008249552920460701 0
1663578401955 0.009366038255393505 0
1663578402003 0.00790940597653389 0
1663578402053 0.00876468326896429 0
1663578402106 0.009035610593855381 0
1663578402154 0.009523424319922924 0
1663578402206 0.007826074957847595 0
1663578402254 0.008018909953534603 0
1663578402306 0.010057562962174416 0
1663578402354 0.009034215472638607 0
1663578402411 0.007534461561590433 0
1663578402479 0.008253452368080616 0
1663578402542 0.008224477991461754 0
1663578402598 0.009269426576793194 0
1663578402657 0.008003352209925652 0
1663578402730 0.006996245123445988 0
1663578402787 0.009524842724204063 0
1663578402830 0.012208457104861736 0
1663578402879 0.01284090057015419 0
1663578402936 0.01411736011505127 0
1663578402991 0.01629360392689705 0
1663578403048 0.01202701311558485 0
1663578403107 0.014252602122724056 0
1663578403156 0.016991255804896355 0
1663578403210 0.011263202875852585 0
1663578403264 0.01170443743467331 0
1663578403314 0.009145058691501617 0
1663578403364 0.010806465521454811 0
1663578403421 0.009232545271515846 0
1663578403470 0.012923655100166798 0
1663578403514 0.01251137349754572 0
1663578403560 0.015141856856644154 0
1663578403635 0.014730189926922321 0
1663578403700 0.015389356762170792 0
1663578403761 0.01601829193532467 0
1663578403823 0.013002284802496433 0
1663578403883 0.011463549919426441 0
1663578403941 0.01179303228855133 0
1663578403988 0.009759439155459404 0
1663578404034 0.015522646717727184 0
1663578404091 0.01311467681080103 0
1663578404153 0.009711403399705887 0
1663578404212 0.010045434348285198 0
1663578404268 0.008969498798251152 0
1663578404317 0.008743679150938988 0
1663578404372 0.007517996709793806 0
1663578404427 0.007520342245697975 0
1663578404488 0.008995534852147102 0
1663578404542 0.008436025120317936 0
1663578404600 0.009758810512721539 0
1663578404654 0.010228099301457405 0
1663578404707 0.012723777443170547 0
1663578404763 0.009240987710654736 0
1663578404829 0.009020808152854443 0
1663578404883 0.011133657768368721 0
1663578404938 0.012836012989282608 0
1663578404994 0.009347503073513508 0
1663578405056 0.00790831632912159 0
1663578405110 0.007547742687165737 0
1663578405171 0.008019891567528248 0
1663578405226 0.00777057558298111 0
1663578405291 0.007771631237119436 0
1663578405351 0.007302071433514357 0
1663578405404 0.007823895663022995 0
1663578405449 0.00666422862559557 0
1663578405505 0.008270490914583206 0
1663578405559 0.009272231720387936 0
1663578405612 0.006833761930465698 0
1663578405661 0.007183224894106388 0
1663578405712 0.008561001159250736 0
1663578405765 0.0090641425922513 0
1663578405821 0.013493090867996216 0
1663578405883 0.01193986926227808 0
1663578405941 0.009524786844849586 0
1663578405998 0.00906981062144041 0
1663578406052 0.00947512686252594 0
1663578406105 0.010921542532742023 0
1663578406160 0.008568121120333672 0
1663578406232 0.011168311350047588 0
1663578406286 0.006867313291877508 0
1663578406350 0.006837616208940744 0
1663578406408 0.009603437036275864 0
1663578406462 0.007268104702234268 0
1663578406520 0.00957659911364317 0
1663578406574 0.007282085716724396 0
1663578406632 0.00736119644716382 0
1663578406686 0.009589354507625103 0
1663578406743 0.007334283087402582 0
1663578406792 0.00827067717909813 0
1663578406839 0.010004990734159946 0
1663578406892 0.008214144967496395 0
1663578406940 0.008458476513624191 0
1663578406991 0.0059714606031775475 0
1663578407050 0.007967027835547924 0
1663578407099 0.008041954599320889 0
1663578407155 0.006529985927045345 0
1663578407206 0.007457665167748928 0
1663578407263 0.008521337062120438 0
1663578407321 0.007841288112103939 0
1663578407376 0.006516318768262863 0
1663578407424 0.007360435556620359 0
1663578407471 0.0061040897853672504 0
1663578407521 0.007507649715989828 0
1663578407577 0.009273182600736618 0
1663578407631 0.008678333833813667 0
1663578407686 0.006178576964884996 0
1663578407736 0.007932811044156551 0
1663578407780 0.007769535295665264 0
1663578407832 0.007562168873846531 0
1663578407886 0.006768157705664635 0
1663578407939 0.007455242332071066 0
1663578407994 0.007017269730567932 0
1663578408046 0.006941115017980337 0
1663578408101 0.007283993065357208 0
1663578408157 0.00851675309240818 0
1663578408209 0.00825057365000248 0
1663578408263 0.007735369261354208 0
1663578408315 0.007769116200506687 0
1663578408367 0.008271526545286179 0
1663578408423 0.009510558098554611 0
1663578408481 0.008255171589553356 0
1663578408541 0.007779706735163927 0
1663578408600 0.007375339977443218 0
1663578408657 0.006298751570284367 0
1663578408721 0.00676705501973629 0
1663578408787 0.008933247067034245 0
1663578408839 0.006565961055457592 0
1663578408892 0.008508936502039433 0
1663578408949 0.00676415441557765 0
1663578409002 0.006889800541102886 0
1663578409054 0.007043553050607443 0
1663578409110 0.00930867064744234 0
1663578409162 0.007658840157091618 0
1663578409213 0.0068655372597277164 0
1663578409275 0.009020473808050156 0
1663578409336 0.008548476733267307 0
1663578409396 0.012313916347920895 0
1663578409452 0.010007994249463081 0
1663578409502 0.008012700825929642 0
1663578409553 0.007405437529087067 0
1663578409613 0.0059767006896436214 0
1663578409664 0.008256291039288044 0
1663578409713 0.008603222668170929 0
1663578409762 0.007006801664829254 0
1663578409813 0.007687623146921396 0
1663578409866 0.0062658353708684444 0
1663578409927 0.006701034028083086 0
1663578409993 0.00723527604714036 0
1663578410047 0.0065150074660778046 0
1663578410101 0.0072411890141665936 0
1663578410156 0.0075247082859277725 0
1663578410204 0.007270363625138998 0
1663578410255 0.00701688090339303 0
1663578410305 0.006278545595705509 0
1663578410354 0.005703484173864126 0
1663578410413 0.009995474480092525 0
1663578410463 0.006768581457436085 0
1663578410515 0.009048216976225376 0
1663578410571 0.007470916956663132 0
1663578410622 0.009261170402169228 0
1663578410672 0.008538700640201569 0
1663578410736 0.01409031543880701 0
1663578410799 0.01932983659207821 0
1663578410851 0.015595321543514729 0
1663578410898 0.00992734357714653 0
1663578410947 0.009583637118339539 0
1663578410997 0.007213782053440809 0
1663578411056 0.008330128155648708 0
1663578411111 0.007850667461752892 0
1663578411160 0.007854861207306385 0
1663578411210 0.007779644802212715 0
1663578411259 0.007520419545471668 0
1663578411311 0.007106805220246315 0
1663578411362 0.007268592249602079 0
1663578411416 0.0066430349834263325 0
1663578411468 0.007263470441102982 0
1663578411520 0.006033640820533037 0
1663578411568 0.008531422354280949 0
1663578411619 0.0064123524352908134 0
1663578411669 0.006766907405108213 0
1663578411724 0.006766800303012133 0
1663578411780 0.008285119198262691 0
1663578411837 0.006530760787427425 0
1663578411898 0.008015014231204987 0
1663578411957 0.008775202557444572 0
1663578412005 0.007295980583876371 0
1663578412053 0.007017544936388731 0
1663578412102 0.008518997579813004 0
1663578412157 0.008507353253662586 0
1663578412209 0.006265664007514715 0
1663578412259 0.005658116657286882 0
1663578412308 0.007013700436800718 0
1663578412358 0.0065176584757864475 0
1663578412406 0.007517159916460514 0
1663578412457 0.007257040590047836 0
1663578412504 0.006265349220484495 0
1663578412556 0.007204639259725809 0
1663578412610 0.00867509189993143 0
1663578412666 0.006415963172912598 0
1663578412721 0.009476615116000175 0
1663578412771 0.01202914584428072 0
1663578412824 0.009767410345375538 0
1663578412873 0.008176159113645554 0
1663578412926 0.007769400253891945 0
1663578412973 0.007096447516232729 0
1663578413034 0.006456246133893728 0
1663578413094 0.006662473548203707 0
1663578413152 0.006249057129025459 0
1663578413200 0.006056728772819042 0
1663578413251 0.005861259065568447 0
1663578413307 0.006057428196072578 0
1663578413369 0.005239168182015419 0
1663578413436 0.0059829093515872955 0
1663578413503 0.006576101295650005 0
1663578413567 0.006323576904833317 0
1663578413617 0.008017171174287796 0
1663578413667 0.006516564171761274 0
1663578413718 0.00594571465626359 0
1663578413765 0.006516292225569487 0
1663578413815 0.005893259774893522 0
1663578413862 0.0070535424165427685 0
1663578413915 0.0061943712644279 0
1663578413965 0.008270599879324436 0
1663578414026 0.007849045097827911 0
1663578414085 0.008804943412542343 0
1663578414150 0.008289584890007973 0
1663578414219 0.006336724851280451 0
1663578414283 0.007029080763459206 0
1663578414336 0.006155660841614008 0
1663578414386 0.00626565795391798 0
1663578414439 0.0062371306121349335 0
1663578414507 0.005995103158056736 0
1663578414561 0.0069926283322274685 0
1663578414617 0.007017537951469421 0
1663578414667 0.008509338833391666 0
1663578414715 0.006516240071505308 0
1663578414763 0.00887931790202856 0
1663578414821 0.007745389826595783 0
1663578414879 0.009006723761558533 0
1663578414930 0.007265159860253334 0
1663578414978 0.006013448815792799 0
1663578415036 0.0072849285788834095 0
1663578415089 0.007765279617160559 0
1663578415143 0.0065172454342246056 0
1663578415195 0.008217048831284046 0
1663578415248 0.006769372615963221 0
1663578415299 0.00651551503688097 0
1663578415352 0.006479764357209206 0
1663578415408 0.008601376786828041 0
1663578415465 0.007213212549686432 0
1663578415527 0.008679111488163471 0
1663578415584 0.007770665921270847 0
1663578415641 0.007489860523492098 0
1663578415692 0.00509383250027895 0
1663578415738 0.005548674147576094 0
1663578415783 0.004262870643287897 0
1663578415836 0.0054560196585953236 0
1663578415885 0.0055140722543001175 0
1663578415935 0.00658793468028307 0
1663578415982 0.00574975460767746 0
1663578416030 0.007249890360981226 0
1663578416083 0.00605521397665143 0
1663578416138 0.008472689427435398 0
1663578416198 0.007557544857263565 0
1663578416257 0.00609480869024992 0
1663578416306 0.006116013042628765 0
1663578416358 0.006422221194952726 0
1663578416407 0.005424825940281153 0
1663578416462 0.007759616244584322 0
1663578416524 0.008041676133871078 0
1663578416578 0.008018948137760162 0
